26 155
2 3
2 4
2 5
2 6
2 11
2 12
2 13
2 14
2 15
2 17
2 19
2 21
2 22
2 24
2 25
2 26
3 25
4 13
5 4
5 6
5 11
5 12
5 13
5 15
5 17
5 22
5 24
7 2
7 3
7 4
7 5
7 6
7 10
7 11
7 12
7 13
7 14
7 15
7 16
7 17
7 18
7 19
7 21
7 22
7 24
7 25
7 26
9 1
9 2
9 3
9 4
9 5
9 6
9 7
9 8
9 10
9 11
9 12
9 13
9 14
9 15
9 16
9 17
9 18
9 19
9 20
9 21
9 22
9 24
9 25
9 26
10 18
11 13
12 6
13 6
14 4
14 5
14 6
14 11
14 12
14 13
14 15
14 17
14 19
14 21
14 22
14 24
15 6
15 12
15 13
15 17
16 1
16 2
16 3
16 4
16 5
16 6
16 10
16 11
16 12
16 13
16 14
16 15
16 17
16 18
16 19
16 21
16 22
16 24
16 25
16 26
17 6
18 2
18 3
18 4
18 5
18 6
18 11
18 12
18 13
18 14
18 15
18 17
18 19
18 21
18 22
18 24
18 25
20 7
22 4
22 6
22 11
22 12
22 13
22 15
22 17
22 19
22 24
24 4
24 6
24 11
24 13
24 15
25 4
25 5
25 6
25 11
25 12
25 13
25 14
25 15
25 17
25 19
25 22
25 24
