35 180
2 8
2 19
2 27
2 32
4 35
6 7
6 10
6 12
6 16
6 18
6 20
6 21
6 23
6 25
6 26
6 29
6 30
6 34
7 8
7 12
7 16
7 18
7 19
7 25
7 27
7 29
7 32
7 33
7 34
8 27
9 8
9 33
11 5
11 7
11 8
11 9
11 10
11 20
11 21
11 23
11 26
11 27
11 29
11 30
11 32
11 33
12 5
12 8
12 13
12 14
12 16
12 18
12 24
12 27
13 2
13 8
13 9
13 19
13 24
13 27
13 32
13 33
15 31
16 13
17 2
17 5
17 9
17 12
17 13
17 14
17 16
17 18
17 19
17 20
17 22
17 23
17 24
17 25
17 26
17 30
17 32
17 33
18 2
18 8
18 13
18 14
18 16
18 19
18 24
18 25
18 27
18 32
19 27
19 32
20 8
20 12
20 13
20 16
20 18
20 21
20 25
20 27
20 29
20 34
24 2
24 5
24 8
24 14
24 19
24 27
24 33
29 2
29 8
29 9
29 12
29 13
29 14
29 16
29 18
29 21
29 24
29 27
29 34
30 5
30 7
30 8
30 9
30 10
30 12
30 13
30 14
30 16
30 18
30 21
30 24
30 25
30 26
30 27
30 29
30 33
30 34
31 2
31 6
31 9
31 12
31 13
31 14
31 16
31 18
31 19
31 24
31 25
31 28
31 32
31 34
33 27
34 12
35 1
35 3
35 5
35 6
35 7
35 8
35 9
35 10
35 11
35 15
35 17
35 20
35 21
35 22
35 23
35 26
35 27
35 28
35 29
35 30
35 31
35 32
35 33
