40 379
2 8
2 9
2 10
2 16
3 32
4 1
4 2
4 5
4 7
4 8
4 9
4 10
4 15
4 16
4 17
4 19
4 25
4 27
4 29
4 35
4 38
5 35
6 38
8 17
9 5
9 8
9 35
10 5
10 16
11 24
13 30
14 22
15 2
15 5
15 8
15 9
15 10
15 16
15 17
15 27
15 35
16 35
17 16
17 35
18 1
18 2
18 3
18 4
18 5
18 7
18 8
18 9
18 10
18 12
18 14
18 15
18 16
18 17
18 19
18 21
18 22
18 25
18 26
18 27
18 28
18 29
18 31
18 32
18 33
18 34
18 35
18 36
18 37
18 38
18 39
18 40
22 1
22 2
22 4
22 5
22 7
22 8
22 9
22 10
22 15
22 16
22 17
22 19
22 25
22 27
22 29
22 33
22 34
22 35
22 38
22 40
23 1
23 2
23 3
23 4
23 5
23 7
23 8
23 9
23 10
23 12
23 13
23 14
23 15
23 16
23 17
23 18
23 19
23 20
23 21
23 22
23 25
23 26
23 27
23 28
23 29
23 30
23 31
23 32
23 33
23 34
23 35
23 36
23 37
23 38
23 39
23 40
24 1
24 2
24 3
24 4
24 5
24 6
24 7
24 8
24 9
24 10
24 12
24 13
24 14
24 15
24 16
24 17
24 18
24 19
24 21
24 22
24 23
24 25
24 26
24 27
24 28
24 29
24 30
24 31
24 32
24 33
24 34
24 35
24 36
24 37
24 38
24 39
24 40
25 15
26 1
26 2
26 4
26 5
26 7
26 8
26 9
26 10
26 14
26 15
26 16
26 17
26 19
26 22
26 25
26 27
26 29
26 31
26 33
26 34
26 35
26 37
26 38
26 40
27 2
27 5
27 8
27 9
27 10
27 16
27 17
27 19
27 35
28 1
28 2
28 4
28 5
28 7
28 8
28 9
28 10
28 12
28 14
28 15
28 16
28 17
28 19
28 21
28 22
28 25
28 26
28 27
28 29
28 31
28 33
28 34
28 35
28 36
28 37
28 38
28 40
29 2
29 5
29 7
29 8
29 9
29 10
29 15
29 16
29 17
29 19
29 25
29 27
29 35
30 1
30 2
30 3
30 4
30 5
30 7
30 8
30 9
30 10
30 12
30 14
30 15
30 16
30 17
30 18
30 19
30 21
30 22
30 25
30 26
30 27
30 28
30 29
30 31
30 32
30 33
30 34
30 35
30 36
30 37
30 38
30 40
32 1
32 2
32 4
32 5
32 7
32 8
32 9
32 10
32 14
32 15
32 16
32 17
32 19
32 21
32 22
32 25
32 26
32 27
32 28
32 29
32 31
32 33
32 34
32 35
32 36
32 37
32 38
32 40
33 2
33 4
33 5
33 7
33 8
33 9
33 10
33 15
33 16
33 17
33 19
33 25
33 27
33 29
33 35
33 38
34 33
36 26
37 1
37 2
37 4
37 5
37 7
37 8
37 9
37 10
37 14
37 15
37 16
37 17
37 19
37 21
37 22
37 25
37 27
37 29
37 31
37 33
37 34
37 35
37 38
37 40
38 2
38 5
38 8
38 9
38 10
38 15
38 16
38 17
38 19
38 25
38 27
38 29
38 35
40 1
40 2
40 4
40 5
40 7
40 8
40 9
40 10
40 15
40 16
40 17
40 19
40 25
40 27
40 29
40 31
40 33
40 34
40 35
40 38
