67 1118
2 5
2 7
2 9
2 20
2 21
2 22
2 28
2 33
2 35
2 40
2 43
2 44
2 49
2 50
2 54
2 62
2 64
2 66
3 5
3 15
3 21
3 35
3 40
3 44
3 49
3 50
3 53
3 59
3 64
4 2
4 5
4 15
4 21
4 25
4 28
4 29
4 33
4 35
4 36
4 40
4 43
4 44
4 48
4 49
4 50
4 52
4 53
4 55
4 59
4 61
4 63
4 64
4 65
4 67
5 7
5 9
5 13
5 18
5 20
5 33
5 50
5 51
5 62
5 64
5 66
6 2
6 4
6 5
6 7
6 8
6 9
6 11
6 12
6 14
6 15
6 16
6 17
6 19
6 20
6 21
6 24
6 25
6 26
6 27
6 28
6 29
6 30
6 31
6 33
6 34
6 35
6 36
6 39
6 40
6 43
6 44
6 47
6 48
6 49
6 50
6 52
6 53
6 54
6 55
6 56
6 59
6 60
6 61
6 62
6 63
6 64
6 65
6 66
6 67
7 50
8 2
8 5
8 15
8 16
8 19
8 21
8 25
8 28
8 29
8 33
8 34
8 35
8 40
8 43
8 44
8 48
8 49
8 50
8 52
8 53
8 55
8 59
8 62
8 63
8 64
8 65
8 67
9 33
9 50
9 64
10 56
11 2
11 4
11 5
11 7
11 8
11 9
11 15
11 16
11 19
11 20
11 21
11 25
11 27
11 28
11 29
11 30
11 33
11 34
11 35
11 36
11 39
11 40
11 43
11 44
11 47
11 48
11 49
11 50
11 52
11 53
11 54
11 55
11 56
11 59
11 60
11 61
11 62
11 63
11 64
11 65
11 66
11 67
12 2
12 5
12 15
12 21
12 28
12 29
12 33
12 35
12 40
12 44
12 49
12 50
12 53
12 59
12 64
13 50
14 2
14 5
14 15
14 21
14 25
14 28
14 29
14 35
14 40
14 44
14 49
14 50
14 53
14 55
14 56
14 59
14 61
14 64
15 2
15 5
15 7
15 9
15 18
15 20
15 21
15 22
15 28
15 33
15 35
15 37
15 40
15 43
15 44
15 49
15 50
15 54
15 57
15 62
15 63
15 64
15 66
16 2
16 5
16 15
16 21
16 28
16 29
16 33
16 34
16 35
16 40
16 43
16 44
16 48
16 49
16 50
16 52
16 53
16 55
16 59
16 63
16 64
16 65
16 67
17 2
17 3
17 4
17 5
17 7
17 8
17 9
17 11
17 12
17 13
17 14
17 15
17 16
17 18
17 19
17 20
17 21
17 22
17 23
17 25
17 27
17 28
17 29
17 30
17 33
17 34
17 35
17 36
17 37
17 38
17 39
17 40
17 41
17 43
17 44
17 46
17 47
17 48
17 49
17 50
17 52
17 53
17 54
17 55
17 56
17 57
17 58
17 59
17 60
17 61
17 62
17 63
17 64
17 65
17 66
17 67
19 2
19 5
19 15
19 21
19 28
19 29
19 33
19 35
19 40
19 43
19 44
19 48
19 49
19 50
19 52
19 53
19 59
19 62
19 63
19 64
19 65
20 33
20 50
21 5
21 7
21 9
21 13
21 18
21 20
21 33
21 35
21 37
21 50
21 51
21 57
21 62
21 64
21 66
22 5
22 21
22 35
22 50
22 64
23 5
23 21
23 35
23 40
23 44
23 50
24 2
24 3
24 4
24 5
24 7
24 8
24 9
24 11
24 12
24 13
24 14
24 15
24 16
24 17
24 18
24 19
24 20
24 21
24 22
24 23
24 25
24 26
24 27
24 28
24 29
24 30
24 33
24 34
24 35
24 36
24 37
24 38
24 39
24 40
24 41
24 43
24 44
24 47
24 48
24 49
24 50
24 52
24 53
24 54
24 55
24 56
24 57
24 58
24 59
24 60
24 61
24 62
24 63
24 64
24 65
24 66
24 67
25 1
25 2
25 3
25 5
25 7
25 9
25 12
25 13
25 15
25 16
25 18
25 19
25 20
25 21
25 22
25 23
25 27
25 28
25 29
25 32
25 33
25 34
25 35
25 37
25 39
25 40
25 42
25 43
25 44
25 45
25 48
25 49
25 50
25 51
25 52
25 53
25 54
25 55
25 57
25 58
25 59
25 60
25 62
25 63
25 64
25 65
25 66
25 67
26 2
26 4
26 5
26 7
26 8
26 9
26 11
26 12
26 15
26 16
26 17
26 19
26 20
26 21
26 25
26 27
26 28
26 29
26 30
26 33
26 34
26 35
26 36
26 39
26 40
26 43
26 44
26 47
26 48
26 49
26 50
26 52
26 53
26 54
26 55
26 56
26 59
26 60
26 61
26 62
26 63
26 64
26 65
26 66
26 67
27 2
27 5
27 15
27 21
27 28
27 29
27 33
27 35
27 40
27 44
27 48
27 49
27 50
27 52
27 53
27 59
27 63
27 64
27 65
28 5
28 7
28 9
28 20
28 21
28 22
28 33
28 35
28 37
28 40
28 43
28 49
28 50
28 54
28 62
28 64
28 66
29 2
29 5
29 7
29 9
29 15
29 20
29 21
29 22
29 28
29 33
29 35
29 37
29 40
29 43
29 44
29 48
29 49
29 50
29 54
29 59
29 62
29 63
29 64
29 65
29 66
30 2
30 5
30 15
30 21
30 25
30 28
30 29
30 33
30 35
30 40
30 44
30 48
30 49
30 50
30 52
30 53
30 55
30 59
30 63
30 64
30 65
31 2
31 4
31 5
31 8
31 11
31 15
31 16
31 17
31 19
31 20
31 21
31 24
31 25
31 26
31 28
31 29
31 33
31 34
31 35
31 36
31 40
31 43
31 44
31 47
31 48
31 49
31 50
31 52
31 53
31 55
31 56
31 59
31 61
31 62
31 63
31 64
31 65
31 67
33 7
33 50
33 62
33 66
34 2
34 5
34 15
34 21
34 28
34 29
34 33
34 35
34 40
34 43
34 44
34 48
34 49
34 50
34 52
34 53
34 59
34 63
34 64
34 65
35 5
35 7
35 9
35 13
35 18
35 20
35 33
35 37
35 50
35 57
35 62
35 64
35 66
36 2
36 5
36 8
36 15
36 16
36 19
36 21
36 25
36 28
36 29
36 33
36 34
36 35
36 40
36 43
36 44
36 47
36 48
36 49
36 50
36 52
36 53
36 55
36 59
36 62
36 63
36 64
36 65
36 67
37 5
37 50
37 64
38 5
38 15
38 21
38 25
38 35
38 40
38 44
38 50
38 56
38 59
38 61
38 64
39 2
39 5
39 15
39 21
39 28
39 29
39 33
39 35
39 40
39 44
39 48
39 49
39 50
39 53
39 59
39 63
39 64
39 65
40 5
40 7
40 9
40 13
40 18
40 20
40 21
40 22
40 33
40 35
40 37
40 43
40 50
40 51
40 54
40 57
40 62
40 64
40 66
41 5
41 21
41 25
41 35
41 40
41 44
42 40
42 44
43 5
43 21
43 33
43 35
43 50
43 62
43 64
44 5
44 7
44 9
44 13
44 18
44 20
44 21
44 22
44 28
44 33
44 35
44 37
44 40
44 43
44 49
44 50
44 51
44 54
44 57
44 62
44 64
44 66
45 5
45 44
46 5
46 21
46 25
46 35
46 40
46 44
47 2
47 5
47 8
47 15
47 16
47 21
47 25
47 28
47 29
47 33
47 35
47 40
47 43
47 44
47 48
47 49
47 50
47 52
47 53
47 55
47 59
47 63
47 64
47 65
47 67
48 2
48 5
48 15
48 20
48 21
48 28
48 33
48 35
48 40
48 43
48 44
48 49
48 50
48 54
48 62
48 63
48 64
48 65
48 66
50 18
50 62
53 2
53 5
53 7
53 9
53 13
53 15
53 18
53 20
53 21
53 22
53 28
53 29
53 33
53 35
53 37
53 40
53 43
53 44
53 48
53 49
53 50
53 52
53 54
53 57
53 59
53 62
53 63
53 64
53 65
53 66
54 5
54 21
54 33
54 35
54 50
54 64
55 2
55 3
55 5
55 7
55 9
55 12
55 15
55 18
55 19
55 20
55 21
55 22
55 27
55 28
55 29
55 33
55 34
55 35
55 37
55 39
55 40
55 43
55 44
55 48
55 49
55 50
55 52
55 53
55 54
55 59
55 60
55 62
55 63
55 64
55 65
55 66
55 67
56 1
56 2
56 3
56 4
56 5
56 7
56 8
56 9
56 12
56 13
56 15
56 16
56 18
56 19
56 20
56 21
56 22
56 23
56 25
56 27
56 28
56 29
56 30
56 33
56 34
56 35
56 36
56 37
56 39
56 40
56 41
56 42
56 43
56 44
56 45
56 46
56 47
56 48
56 49
56 50
56 51
56 52
56 53
56 54
56 55
56 57
56 58
56 59
56 60
56 61
56 62
56 63
56 64
56 65
56 66
56 67
57 5
57 50
57 64
60 2
60 5
60 15
60 21
60 28
60 29
60 33
60 35
60 40
60 44
60 49
60 50
60 53
60 59
60 64
60 65
61 2
61 3
61 5
61 7
61 8
61 9
61 12
61 13
61 15
61 16
61 18
61 19
61 20
61 21
61 22
61 23
61 25
61 27
61 28
61 29
61 30
61 33
61 34
61 35
61 36
61 37
61 39
61 40
61 41
61 43
61 44
61 47
61 48
61 49
61 50
61 52
61 53
61 54
61 55
61 57
61 58
61 59
61 60
61 62
61 63
61 64
61 65
61 66
61 67
63 2
63 5
63 7
63 20
63 21
63 28
63 33
63 35
63 40
63 43
63 44
63 49
63 50
63 62
63 64
63 66
64 7
64 13
64 18
64 20
64 33
64 50
64 62
64 66
65 2
65 5
65 7
65 15
65 20
65 21
65 28
65 33
65 35
65 40
65 43
65 44
65 49
65 50
65 54
65 62
65 63
65 64
65 66
66 50
67 2
67 5
67 15
67 19
67 20
67 21
67 28
67 29
67 33
67 34
67 35
67 40
67 43
67 44
67 48
67 49
67 50
67 52
67 53
67 59
67 62
67 63
67 64
67 65
67 66
