99 1941
1 6
1 7
1 14
1 16
1 43
1 44
1 52
1 64
1 74
1 76
1 77
1 83
1 84
1 87
1 95
2 23
2 58
2 76
3 1
3 4
3 5
3 6
3 7
3 8
3 9
3 10
3 11
3 12
3 13
3 14
3 15
3 16
3 17
3 18
3 19
3 20
3 21
3 22
3 23
3 25
3 26
3 29
3 30
3 31
3 33
3 34
3 35
3 36
3 37
3 38
3 39
3 40
3 41
3 42
3 43
3 44
3 45
3 47
3 49
3 51
3 52
3 53
3 54
3 55
3 56
3 57
3 58
3 59
3 60
3 61
3 62
3 63
3 64
3 65
3 66
3 67
3 68
3 69
3 70
3 71
3 72
3 74
3 75
3 76
3 77
3 79
3 81
3 82
3 83
3 84
3 85
3 86
3 87
3 88
3 89
3 90
3 91
3 92
3 93
3 94
3 95
3 96
3 97
3 98
3 99
5 1
5 11
5 14
5 21
5 30
5 37
5 52
5 62
5 64
5 65
5 66
5 76
5 84
5 89
5 90
7 64
7 74
7 76
7 84
8 1
8 5
8 6
8 7
8 9
8 10
8 11
8 12
8 13
8 14
8 15
8 16
8 17
8 18
8 19
8 20
8 21
8 22
8 23
8 25
8 29
8 30
8 31
8 33
8 34
8 35
8 36
8 37
8 38
8 41
8 42
8 43
8 44
8 47
8 49
8 51
8 52
8 54
8 55
8 57
8 59
8 62
8 63
8 64
8 65
8 66
8 67
8 69
8 70
8 71
8 72
8 74
8 75
8 76
8 77
8 79
8 81
8 83
8 84
8 85
8 86
8 87
8 88
8 89
8 90
8 92
8 93
8 95
8 96
8 97
8 98
8 99
9 1
9 5
9 6
9 7
9 11
9 13
9 14
9 15
9 16
9 20
9 21
9 29
9 30
9 35
9 37
9 38
9 41
9 43
9 44
9 49
9 52
9 54
9 57
9 59
9 62
9 64
9 65
9 66
9 67
9 71
9 74
9 75
9 76
9 77
9 83
9 84
9 85
9 87
9 88
9 89
9 90
10 11
10 37
10 64
10 65
10 66
10 76
10 90
13 1
13 14
13 52
13 64
13 76
13 84
14 6
14 7
14 16
14 43
14 44
14 55
14 64
14 74
14 76
14 77
14 84
14 95
15 1
15 7
15 14
15 16
15 52
15 64
15 74
15 75
15 76
15 77
15 84
16 64
16 76
17 5
17 9
17 12
17 19
17 23
17 29
17 31
17 33
17 34
17 36
17 37
17 42
17 47
17 49
17 63
17 65
17 66
17 67
17 72
17 79
17 81
17 86
17 90
17 92
17 97
17 98
18 1
18 9
18 11
18 12
18 14
18 17
18 21
18 23
18 30
18 31
18 37
18 41
18 52
18 62
18 63
18 64
18 65
18 66
18 72
18 76
18 79
18 84
18 86
18 89
18 90
18 92
18 97
19 1
19 9
19 11
19 14
19 21
19 30
19 31
19 37
19 52
19 62
19 64
19 65
19 66
19 76
19 84
19 89
19 90
21 1
21 6
21 7
21 11
21 13
21 14
21 15
21 16
21 20
21 35
21 38
21 41
21 43
21 44
21 52
21 54
21 55
21 57
21 59
21 62
21 64
21 71
21 74
21 75
21 76
21 77
21 83
21 84
21 87
21 88
21 89
21 93
21 95
21 99
22 11
22 37
22 64
22 65
22 66
22 76
22 90
23 1
23 5
23 6
23 7
23 9
23 10
23 11
23 13
23 14
23 15
23 16
23 19
23 20
23 21
23 22
23 25
23 29
23 30
23 31
23 34
23 35
23 37
23 38
23 40
23 41
23 43
23 44
23 47
23 49
23 50
23 51
23 52
23 54
23 55
23 57
23 59
23 60
23 62
23 64
23 65
23 66
23 67
23 70
23 71
23 72
23 74
23 75
23 76
23 77
23 78
23 81
23 82
23 83
23 84
23 85
23 86
23 87
23 88
23 89
23 90
23 93
23 95
23 96
23 98
23 99
24 1
24 3
24 5
24 6
24 7
24 8
24 9
24 11
24 12
24 13
24 14
24 15
24 16
24 17
24 18
24 19
24 20
24 21
24 23
24 26
24 29
24 30
24 31
24 33
24 34
24 35
24 36
24 37
24 38
24 39
24 41
24 42
24 43
24 44
24 47
24 49
24 51
24 52
24 53
24 54
24 55
24 56
24 57
24 58
24 59
24 62
24 63
24 64
24 65
24 66
24 67
24 71
24 72
24 74
24 75
24 76
24 77
24 79
24 81
24 83
24 84
24 85
24 86
24 87
24 88
24 89
24 90
24 91
24 92
24 93
24 94
24 95
24 97
24 98
24 99
25 14
25 64
25 76
26 8
26 11
26 14
26 17
26 21
26 23
26 30
26 37
26 53
26 62
26 63
26 64
26 65
26 66
26 76
26 84
26 86
26 90
26 92
26 97
27 1
27 3
27 6
27 7
27 8
27 9
27 11
27 12
27 14
27 15
27 16
27 17
27 20
27 21
27 23
27 24
27 29
27 30
27 31
27 33
27 34
27 35
27 37
27 38
27 41
27 43
27 46
27 47
27 49
27 52
27 53
27 57
27 58
27 59
27 62
27 63
27 64
27 65
27 66
27 67
27 71
27 72
27 73
27 74
27 75
27 76
27 77
27 79
27 83
27 84
27 86
27 87
27 88
27 89
27 90
27 91
27 92
27 94
27 97
28 3
28 11
28 23
28 58
28 63
28 66
28 76
28 90
29 1
29 11
29 14
29 15
29 21
29 30
29 35
29 37
29 41
29 49
29 52
29 59
29 62
29 64
29 65
29 66
29 71
29 74
29 75
29 76
29 84
29 89
29 90
30 1
30 6
30 7
30 11
30 13
30 14
30 15
30 16
30 20
30 21
30 35
30 38
30 41
30 43
30 44
30 52
30 54
30 55
30 57
30 59
30 62
30 64
30 71
30 74
30 75
30 76
30 77
30 83
30 84
30 87
30 88
30 89
30 93
30 95
30 99
31 1
31 5
31 6
31 7
31 9
31 11
31 13
31 14
31 15
31 16
31 20
31 21
31 29
31 30
31 35
31 37
31 38
31 41
31 43
31 44
31 49
31 52
31 54
31 57
31 59
31 62
31 64
31 65
31 66
31 67
31 71
31 74
31 75
31 76
31 77
31 83
31 84
31 85
31 87
31 88
31 89
31 90
31 95
32 3
32 11
32 23
32 37
32 53
32 58
32 63
32 64
32 65
32 66
32 76
32 90
32 97
34 1
34 7
34 9
34 11
34 14
34 15
34 16
34 20
34 21
34 29
34 30
34 31
34 35
34 37
34 38
34 41
34 43
34 49
34 52
34 57
34 59
34 62
34 64
34 65
34 66
34 67
34 71
34 74
34 75
34 76
34 77
34 83
34 84
34 88
34 89
34 90
37 1
37 6
37 7
37 11
37 13
37 14
37 15
37 16
37 20
37 21
37 25
37 30
37 35
37 38
37 41
37 43
37 44
37 51
37 52
37 54
37 55
37 57
37 59
37 62
37 64
37 70
37 71
37 74
37 75
37 76
37 77
37 83
37 84
37 85
37 87
37 88
37 89
37 93
37 95
37 96
37 99
38 1
38 14
38 15
38 52
38 62
38 64
38 71
38 74
38 76
38 84
39 8
39 11
39 14
39 17
39 23
39 37
39 53
39 63
39 64
39 65
39 66
39 76
39 86
39 90
39 92
39 97
40 11
40 37
40 64
40 65
40 66
40 76
40 90
41 1
41 6
41 7
41 14
41 15
41 16
41 38
41 43
41 52
41 59
41 62
41 64
41 71
41 74
41 75
41 76
41 77
41 83
41 84
41 87
41 88
42 1
42 9
42 11
42 14
42 21
42 23
42 30
42 31
42 37
42 52
42 62
42 64
42 65
42 66
42 72
42 76
42 79
42 84
42 86
42 89
42 90
44 64
44 76
44 84
45 11
45 23
45 37
45 64
45 65
45 66
45 76
45 90
46 1
46 3
46 5
46 6
46 7
46 8
46 9
46 10
46 11
46 12
46 13
46 14
46 15
46 16
46 17
46 18
46 19
46 20
46 21
46 22
46 23
46 24
46 25
46 26
46 29
46 30
46 31
46 32
46 33
46 34
46 35
46 36
46 37
46 38
46 39
46 40
46 41
46 42
46 43
46 44
46 45
46 47
46 49
46 51
46 52
46 53
46 54
46 55
46 56
46 57
46 58
46 59
46 62
46 63
46 64
46 65
46 66
46 67
46 69
46 70
46 71
46 72
46 73
46 74
46 75
46 76
46 77
46 79
46 81
46 83
46 84
46 85
46 86
46 87
46 88
46 89
46 90
46 91
46 92
46 93
46 94
46 95
46 96
46 97
46 98
46 99
47 1
47 7
47 9
47 11
47 14
47 15
47 16
47 20
47 21
47 29
47 30
47 31
47 34
47 35
47 37
47 38
47 41
47 49
47 52
47 59
47 62
47 64
47 65
47 66
47 67
47 71
47 72
47 74
47 75
47 76
47 77
47 84
47 86
47 89
47 90
48 76
49 1
49 11
49 14
49 15
49 20
49 21
49 30
49 35
49 37
49 41
49 52
49 59
49 62
49 64
49 71
49 74
49 76
49 84
49 89
50 76
51 64
51 76
52 6
52 7
52 14
52 16
52 43
52 44
52 55
52 64
52 74
52 76
52 77
52 84
52 95
53 1
53 5
53 6
53 7
53 8
53 9
53 10
53 11
53 12
53 13
53 14
53 15
53 16
53 17
53 18
53 19
53 20
53 21
53 22
53 23
53 25
53 29
53 30
53 31
53 33
53 34
53 35
53 36
53 37
53 38
53 41
53 42
53 43
53 44
53 47
53 49
53 51
53 52
53 54
53 55
53 57
53 59
53 62
53 63
53 64
53 65
53 66
53 67
53 69
53 70
53 71
53 72
53 74
53 75
53 76
53 77
53 79
53 81
53 83
53 84
53 85
53 86
53 87
53 88
53 89
53 90
53 92
53 93
53 95
53 97
53 98
53 99
54 1
54 14
54 52
54 62
54 64
54 76
54 84
55 64
55 76
56 1
56 8
56 9
56 11
56 14
56 17
56 21
56 23
56 30
56 31
56 37
56 52
56 53
56 58
56 62
56 63
56 64
56 65
56 66
56 76
56 84
56 86
56 89
56 90
56 92
56 97
57 1
57 14
57 41
57 52
57 59
57 62
57 64
57 71
57 76
57 84
58 1
58 4
58 5
58 6
58 7
58 8
58 9
58 10
58 11
58 12
58 13
58 14
58 15
58 16
58 17
58 18
58 19
58 20
58 21
58 22
58 23
58 25
58 26
58 29
58 30
58 31
58 33
58 34
58 35
58 36
58 37
58 38
58 39
58 40
58 41
58 42
58 43
58 44
58 45
58 47
58 49
58 51
58 52
58 53
58 54
58 55
58 57
58 59
58 60
58 61
58 62
58 63
58 64
58 65
58 66
58 67
58 68
58 69
58 70
58 71
58 72
58 74
58 75
58 76
58 77
58 78
58 79
58 81
58 82
58 83
58 84
58 85
58 86
58 87
58 88
58 89
58 90
58 91
58 92
58 93
58 94
58 95
58 96
58 97
58 98
58 99
59 1
59 7
59 14
59 15
59 16
59 38
59 43
59 52
59 62
59 64
59 71
59 74
59 75
59 76
59 77
59 84
59 88
60 76
61 11
61 23
61 64
61 66
61 76
61 90
62 1
62 6
62 7
62 13
62 14
62 15
62 16
62 43
62 44
62 52
62 55
62 64
62 74
62 75
62 76
62 77
62 83
62 84
62 87
62 88
62 95
64 6
64 43
65 1
65 6
65 7
65 11
65 13
65 14
65 15
65 16
65 20
65 21
65 25
65 30
65 35
65 37
65 38
65 41
65 43
65 44
65 49
65 51
65 52
65 54
65 55
65 57
65 59
65 62
65 64
65 66
65 70
65 71
65 74
65 75
65 76
65 77
65 83
65 84
65 85
65 87
65 88
65 89
65 93
65 95
65 96
65 99
66 1
66 6
66 7
66 11
66 13
66 14
66 15
66 16
66 20
66 21
66 25
66 30
66 35
66 37
66 38
66 41
66 43
66 44
66 49
66 51
66 52
66 54
66 55
66 57
66 59
66 62
66 64
66 70
66 71
66 74
66 75
66 76
66 77
66 82
66 83
66 84
66 85
66 87
66 88
66 89
66 93
66 95
66 96
66 99
67 1
67 11
67 14
67 15
67 20
67 21
67 30
67 35
67 37
67 38
67 41
67 49
67 52
67 59
67 62
67 64
67 65
67 66
67 71
67 74
67 75
67 76
67 84
67 89
67 90
68 11
68 23
68 66
68 76
70 64
70 76
71 1
71 6
71 7
71 14
71 15
71 16
71 43
71 52
71 62
71 64
71 74
71 75
71 76
71 77
71 83
71 84
71 88
72 1
72 6
72 7
72 9
72 11
72 13
72 14
72 15
72 16
72 19
72 20
72 21
72 29
72 30
72 31
72 34
72 35
72 37
72 38
72 41
72 43
72 44
72 49
72 52
72 57
72 59
72 62
72 64
72 65
72 66
72 67
72 71
72 74
72 75
72 76
72 77
72 81
72 83
72 84
72 86
72 87
72 88
72 89
72 90
73 1
73 3
73 6
73 7
73 8
73 9
73 11
73 12
73 13
73 14
73 15
73 16
73 17
73 18
73 19
73 20
73 21
73 23
73 24
73 29
73 30
73 31
73 33
73 34
73 35
73 37
73 38
73 41
73 42
73 43
73 44
73 47
73 49
73 52
73 53
73 56
73 57
73 58
73 59
73 62
73 63
73 64
73 65
73 66
73 67
73 71
73 72
73 74
73 75
73 76
73 77
73 79
73 81
73 83
73 84
73 85
73 86
73 87
73 88
73 89
73 90
73 91
73 92
73 94
73 97
74 16
74 43
74 64
74 76
74 77
75 1
75 14
75 52
75 64
75 74
75 76
75 77
75 84
76 6
76 43
76 64
76 77
77 64
78 66
78 76
79 1
79 6
79 7
79 9
79 11
79 14
79 15
79 16
79 20
79 21
79 23
79 29
79 30
79 31
79 34
79 35
79 37
79 38
79 41
79 43
79 47
79 49
79 52
79 57
79 59
79 62
79 64
79 65
79 66
79 67
79 71
79 72
79 74
79 75
79 76
79 77
79 83
79 84
79 86
79 87
79 88
79 89
79 90
80 23
81 1
81 9
81 11
81 14
81 21
81 30
81 31
81 37
81 41
81 52
81 62
81 64
81 65
81 66
81 76
81 84
81 89
81 90
82 64
82 76
83 14
83 52
83 64
83 76
83 84
84 6
84 16
84 43
84 55
84 64
84 74
84 76
84 77
85 1
85 11
85 14
85 21
85 30
85 52
85 62
85 64
85 76
85 84
85 89
86 1
86 5
86 6
86 7
86 9
86 11
86 13
86 14
86 15
86 16
86 19
86 20
86 21
86 22
86 25
86 29
86 30
86 31
86 34
86 35
86 37
86 38
86 41
86 43
86 44
86 49
86 51
86 52
86 54
86 55
86 57
86 59
86 62
86 64
86 65
86 66
86 67
86 70
86 71
86 74
86 75
86 76
86 77
86 81
86 83
86 84
86 85
86 87
86 88
86 89
86 90
86 93
86 95
86 99
87 14
87 52
87 64
87 76
87 84
88 1
88 14
88 15
88 52
88 64
88 74
88 76
88 84
90 1
90 6
90 7
90 11
90 13
90 14
90 15
90 16
90 20
90 21
90 25
90 30
90 35
90 37
90 38
90 41
90 43
90 44
90 49
90 51
90 52
90 54
90 55
90 57
90 59
90 62
90 64
90 65
90 66
90 70
90 71
90 74
90 75
90 76
90 77
90 82
90 83
90 84
90 85
90 87
90 88
90 89
90 93
90 95
90 96
90 99
91 1
91 6
91 7
91 8
91 9
91 11
91 12
91 13
91 14
91 15
91 16
91 17
91 18
91 19
91 20
91 21
91 23
91 29
91 30
91 31
91 33
91 34
91 35
91 36
91 37
91 38
91 41
91 42
91 43
91 44
91 47
91 49
91 52
91 53
91 57
91 59
91 62
91 63
91 64
91 65
91 66
91 67
91 71
91 72
91 74
91 75
91 76
91 77
91 79
91 81
91 83
91 84
91 85
91 86
91 87
91 88
91 89
91 90
91 92
91 94
91 97
92 1
92 5
92 6
92 7
92 9
92 10
92 11
92 13
92 14
92 15
92 16
92 19
92 20
92 21
92 22
92 23
92 25
92 29
92 30
92 31
92 34
92 35
92 37
92 38
92 41
92 42
92 43
92 44
92 47
92 49
92 51
92 52
92 54
92 55
92 57
92 59
92 62
92 64
92 65
92 66
92 67
92 71
92 72
92 74
92 75
92 76
92 77
92 79
92 81
92 83
92 84
92 85
92 86
92 87
92 88
92 89
92 90
92 93
92 95
92 98
92 99
94 1
94 8
94 9
94 11
94 12
94 14
94 15
94 17
94 21
94 23
94 30
94 31
94 34
94 37
94 41
94 52
94 53
94 59
94 62
94 63
94 64
94 65
94 66
94 71
94 72
94 76
94 79
94 84
94 86
94 89
94 90
94 92
94 97
95 64
95 76
95 84
96 64
96 76
98 11
98 14
98 30
98 37
98 64
98 65
98 66
98 76
98 84
98 86
98 90
99 14
99 64
99 76
99 84
