68 469
1 21
1 35
1 54
1 62
1 65
1 66
1 67
3 1
3 4
3 7
3 17
3 23
3 33
3 36
3 38
3 41
3 46
3 54
3 61
3 67
4 2
4 28
4 32
4 33
4 38
4 56
4 59
5 11
5 23
5 32
5 33
5 42
5 57
5 62
5 67
6 2
6 32
6 51
6 62
7 33
7 51
7 53
7 57
8 1
8 4
8 7
8 17
8 20
8 21
8 24
8 28
8 44
8 46
8 53
8 55
8 56
9 4
9 36
9 42
9 46
9 48
9 60
9 67
10 2
10 42
10 54
10 59
10 62
11 2
11 33
11 66
12 1
12 8
12 13
12 14
12 23
12 30
12 40
12 47
12 48
12 50
12 51
12 55
12 57
12 60
12 65
13 2
13 4
13 7
13 10
13 32
13 36
13 40
13 61
14 1
14 6
14 21
14 23
14 57
14 59
14 65
14 67
15 2
15 3
15 5
15 9
15 13
15 36
15 46
15 53
15 56
15 57
16 5
16 6
16 11
16 21
16 22
16 27
16 44
16 48
16 57
16 66
16 67
17 5
17 22
17 24
17 26
17 27
17 55
17 61
17 67
18 1
18 5
18 9
18 13
18 14
18 16
18 23
18 35
18 38
18 39
18 41
18 59
19 13
19 14
19 16
19 27
19 33
19 36
19 38
19 41
19 45
19 46
19 49
19 56
20 7
20 33
20 67
21 10
21 38
21 54
21 65
21 67
22 13
22 21
22 27
22 40
22 41
22 53
22 56
22 60
22 62
22 67
23 11
23 20
23 57
23 62
24 10
24 20
24 59
24 60
25 5
25 7
25 10
25 21
25 23
25 26
25 28
25 33
25 41
25 50
25 59
25 61
25 68
26 7
26 22
26 27
26 33
26 40
26 48
26 56
26 60
26 61
27 6
27 24
27 32
27 39
27 41
27 56
28 33
28 53
28 59
29 4
29 19
29 24
29 32
29 35
29 39
29 50
29 51
29 60
29 66
30 9
30 11
30 21
30 23
30 28
30 54
30 55
30 64
30 66
31 4
31 17
31 19
31 20
31 21
31 29
31 30
31 34
31 39
31 40
31 53
31 56
31 58
31 59
31 60
31 62
32 7
34 6
34 20
34 23
34 33
34 39
34 51
34 54
34 66
34 68
35 11
35 20
35 23
35 28
35 40
35 65
36 4
36 11
36 39
36 59
36 66
37 3
37 14
37 15
37 23
37 27
37 30
37 34
37 36
37 41
37 53
37 55
37 56
37 57
37 62
37 64
38 2
38 6
39 11
39 40
39 42
39 51
39 53
39 60
40 6
40 10
40 51
40 67
41 2
41 6
41 33
41 39
41 40
41 53
42 51
43 3
43 7
43 10
43 11
43 13
43 14
43 18
43 32
43 42
43 44
43 48
43 53
43 62
44 1
44 5
44 11
44 28
44 55
44 56
44 60
44 65
45 1
45 10
45 14
45 32
45 53
45 54
45 60
45 68
46 11
46 22
46 24
46 35
46 36
46 38
46 41
46 61
47 6
47 7
47 9
47 15
47 24
47 34
47 44
47 54
47 56
47 65
48 2
48 7
48 23
48 28
48 32
48 42
48 55
48 61
49 1
49 23
49 24
49 26
49 27
49 38
49 53
49 61
49 68
50 1
50 4
50 16
50 23
50 27
50 28
50 32
50 38
50 56
50 57
50 67
52 1
52 16
52 20
52 25
52 28
52 45
52 49
52 54
52 55
52 64
53 42
54 62
54 67
55 6
55 10
55 32
55 33
55 38
57 67
58 17
58 20
58 21
58 22
58 29
58 30
58 38
58 43
58 44
58 47
58 48
58 51
58 52
58 64
58 65
58 66
59 51
60 32
60 53
60 54
60 62
61 5
61 6
61 23
61 35
61 38
61 51
61 53
61 60
62 42
62 53
62 59
63 2
63 15
63 21
63 26
63 29
63 35
63 40
63 44
63 45
63 46
63 51
63 56
63 60
63 64
64 2
64 6
64 9
64 20
64 39
64 54
64 59
64 68
65 24
65 28
65 42
65 54
65 57
65 60
66 42
66 51
66 59
67 51
68 5
68 17
68 32
68 35
68 36
68 42
68 46
68 62
68 66
