100 1060
1 6
1 24
1 32
1 34
1 37
1 42
1 49
1 50
1 58
1 72
1 90
1 95
1 96
3 9
3 30
3 39
3 43
3 78
4 1
4 8
4 13
4 24
4 25
4 31
4 37
4 38
4 45
4 49
4 53
4 60
4 73
4 75
4 79
4 89
4 90
4 93
4 97
5 37
5 42
5 57
5 58
5 78
6 12
6 15
6 18
6 20
6 22
6 26
6 30
6 47
6 54
6 83
6 92
7 5
7 9
7 11
7 13
7 22
7 29
7 30
7 31
7 33
7 57
7 58
7 61
7 64
7 65
7 68
7 75
7 78
7 81
7 85
7 97
8 6
8 9
8 11
8 12
8 16
8 20
8 30
8 31
8 54
8 57
8 66
8 78
9 30
9 42
9 43
9 49
10 1
10 2
10 3
10 9
10 13
10 16
10 20
10 23
10 24
10 38
10 39
10 40
10 43
10 50
10 56
10 57
10 60
10 61
10 65
10 66
10 71
10 79
10 82
10 85
10 91
11 24
11 30
11 34
11 58
11 64
11 78
11 92
12 2
12 9
12 13
12 24
12 30
12 37
12 39
12 57
12 60
13 49
13 50
14 2
14 3
14 13
14 24
14 30
14 41
14 49
14 55
14 64
14 72
14 78
14 92
15 2
15 11
15 39
15 42
15 49
15 54
15 79
15 95
16 3
16 13
16 22
16 26
16 43
16 49
16 54
16 64
16 79
17 8
17 9
17 11
17 12
17 20
17 23
17 27
17 29
17 34
17 39
17 40
17 41
17 48
17 50
17 52
17 55
17 60
17 64
17 65
17 66
17 74
17 76
17 78
17 85
17 95
18 20
18 24
18 28
18 39
18 43
18 49
18 79
18 84
18 92
18 94
19 1
19 15
19 18
19 32
19 36
19 41
19 47
19 49
19 56
19 63
19 68
20 15
20 78
20 79
20 95
21 2
21 5
21 22
21 27
21 36
21 37
21 38
21 39
21 42
21 43
21 71
21 78
21 79
21 85
22 43
22 47
23 13
23 34
23 37
23 56
23 79
23 95
25 5
25 16
25 24
25 32
25 49
25 60
25 83
25 90
25 95
26 9
26 11
26 15
26 23
26 28
26 30
26 34
26 37
26 42
26 49
26 50
26 57
26 71
26 76
27 28
27 30
27 32
27 47
27 50
27 56
27 57
27 76
27 83
27 95
27 96
28 2
28 11
28 13
28 22
28 23
28 24
28 47
28 56
28 57
29 8
29 9
29 15
29 24
29 25
29 27
29 32
29 55
29 57
29 58
29 70
29 71
29 73
29 75
29 76
29 85
29 90
30 37
30 39
31 6
31 15
31 16
31 24
31 25
31 32
31 56
31 60
31 76
31 79
31 84
31 92
31 95
32 2
32 13
32 24
32 30
32 71
32 92
32 94
32 95
33 1
33 6
33 11
33 18
33 19
33 43
33 56
33 63
33 64
33 71
33 74
33 82
33 83
33 91
33 94
33 95
33 100
34 2
34 13
34 43
34 50
34 78
35 8
35 16
35 18
35 19
35 21
35 34
35 36
35 47
35 54
35 64
35 66
35 68
35 74
35 85
35 92
35 95
35 98
36 3
36 23
36 30
36 39
36 42
36 68
36 72
36 75
36 81
36 83
36 92
37 24
37 56
37 92
38 2
38 5
38 15
38 20
38 26
38 30
38 43
38 58
38 60
38 96
40 9
40 12
40 16
40 50
40 54
40 84
40 96
41 9
41 15
41 25
41 27
41 28
41 37
41 40
41 57
41 60
41 66
41 68
41 76
41 78
41 84
42 39
42 60
43 42
43 50
43 57
44 11
44 15
44 21
44 24
44 26
44 32
44 40
44 43
44 45
44 52
44 55
44 57
44 65
44 68
44 70
44 72
44 74
44 85
44 91
44 94
44 95
44 97
44 99
45 2
45 6
45 12
45 18
45 19
45 22
45 25
45 26
45 30
45 33
45 35
45 40
45 41
45 55
45 58
45 79
45 83
45 84
45 88
46 3
46 8
46 15
46 16
46 20
46 25
46 27
46 28
46 45
46 55
46 60
46 62
46 66
46 76
46 79
46 82
46 87
46 89
46 91
46 93
46 98
47 2
47 13
47 34
47 60
48 2
48 12
48 16
48 20
48 22
48 24
48 30
48 32
48 39
48 43
48 47
48 56
48 60
48 64
48 85
48 91
48 97
51 11
51 19
51 21
51 22
51 26
51 27
51 34
51 42
51 48
51 49
51 55
51 57
51 66
51 75
51 81
51 85
51 86
51 87
51 92
51 100
52 3
52 9
52 16
52 20
52 22
52 26
52 30
52 31
52 32
52 53
52 55
52 82
52 98
53 2
53 6
53 22
53 30
53 34
53 38
53 40
53 50
53 54
53 58
53 71
53 74
53 78
53 83
53 87
53 90
53 94
53 98
54 22
54 24
54 47
54 49
54 50
54 56
54 57
54 79
55 3
55 12
55 37
55 38
55 42
55 57
55 64
55 66
55 71
55 76
56 24
56 60
57 13
57 50
58 13
58 37
58 39
58 42
58 49
58 76
58 92
59 2
59 3
59 7
59 13
59 16
59 33
59 35
59 40
59 48
59 61
59 63
59 66
59 68
59 75
59 79
59 89
59 91
59 99
61 6
61 24
61 25
61 33
61 40
61 41
61 42
61 48
61 52
61 53
61 66
61 74
61 76
61 79
61 93
61 94
61 95
62 2
62 5
62 9
62 14
62 19
62 23
62 26
62 28
62 29
62 31
62 36
62 39
62 47
62 49
62 61
62 72
62 79
62 84
62 88
62 90
62 91
63 2
63 5
63 6
63 16
63 22
63 23
63 25
63 31
63 42
63 58
63 75
63 79
63 84
63 94
64 9
64 39
64 42
64 49
64 56
65 6
65 9
65 15
65 19
65 31
65 32
65 34
65 35
65 47
65 71
65 83
65 85
65 92
66 28
66 39
66 43
66 56
66 94
66 95
67 1
67 3
67 7
67 20
67 22
67 27
67 28
67 30
67 33
67 41
67 42
67 47
67 55
67 63
67 70
67 79
67 86
67 97
67 98
68 9
68 16
68 32
68 34
68 40
68 49
68 54
68 55
68 56
68 60
68 66
68 71
68 75
68 78
68 96
69 2
69 3
69 9
69 11
69 20
69 25
69 29
69 37
69 39
69 45
69 50
69 63
69 65
69 70
69 71
69 82
69 87
69 98
70 8
70 19
70 25
70 42
70 54
70 56
70 58
70 65
70 71
70 76
70 81
70 86
70 88
70 92
70 93
71 2
71 3
71 18
71 22
71 47
71 83
72 6
72 13
72 16
72 18
72 23
72 32
72 37
72 40
72 58
72 75
72 84
72 92
73 1
73 5
73 14
73 15
73 16
73 19
73 22
73 43
73 48
73 53
73 55
73 60
73 74
73 75
73 76
73 78
73 85
73 86
73 94
73 97
73 100
74 13
74 16
74 22
74 27
74 37
74 39
74 41
74 43
74 50
74 56
74 57
74 64
74 66
74 84
74 90
74 96
75 18
75 47
75 50
75 57
75 60
75 66
75 79
75 84
75 95
76 47
76 57
77 15
77 17
77 20
77 27
77 36
77 50
77 52
77 53
77 54
77 60
77 63
77 74
77 99
77 100
78 60
79 34
79 43
79 47
79 50
80 3
80 5
80 12
80 18
80 19
80 26
80 35
80 41
80 47
80 53
80 56
80 62
80 64
80 69
80 70
80 74
80 76
80 78
80 83
80 86
80 95
80 97
80 100
81 24
81 43
81 50
81 54
81 63
81 66
81 76
81 79
81 83
81 95
82 1
82 6
82 8
82 14
82 20
82 23
82 25
82 27
82 55
82 64
82 66
82 79
82 90
83 34
83 92
83 94
84 23
84 42
84 49
84 54
84 56
84 76
84 78
85 5
85 9
85 11
85 34
85 54
85 63
85 64
85 68
85 71
85 75
86 2
86 6
86 9
86 13
86 30
86 39
86 40
86 41
86 53
86 63
86 72
86 75
86 78
86 81
86 84
86 90
87 1
87 2
87 5
87 8
87 15
87 24
87 50
87 64
87 66
87 71
87 83
87 84
88 3
88 5
88 13
88 28
88 38
88 40
88 50
88 53
88 54
88 58
88 76
88 87
89 8
89 11
89 20
89 21
89 22
89 28
89 35
89 38
89 39
89 52
89 53
89 54
89 60
89 64
89 74
89 83
89 92
89 94
89 95
89 100
90 12
90 13
90 18
90 22
90 34
90 37
90 42
90 78
91 8
91 12
91 14
91 18
91 20
91 35
91 43
91 72
91 78
91 79
91 83
91 84
91 95
91 96
92 24
92 39
92 56
93 3
93 13
93 23
93 27
93 28
93 49
93 52
93 82
93 83
93 84
93 87
93 88
93 92
93 96
94 9
94 12
94 15
94 24
94 28
94 34
94 37
94 50
95 42
95 57
95 78
96 3
96 11
96 32
96 47
96 49
96 58
96 60
96 71
96 94
97 1
97 5
97 8
97 18
97 22
97 23
97 43
97 50
97 58
97 75
97 81
97 94
98 6
98 9
98 14
98 23
98 26
98 42
98 43
98 57
98 58
98 64
98 68
98 76
98 83
98 87
98 90
98 92
99 8
99 11
99 13
99 19
99 22
99 23
99 28
99 31
99 65
99 75
99 76
99 83
99 85
99 88
99 93
99 94
99 98
100 3
100 5
100 12
100 14
100 20
100 22
100 23
100 30
100 37
100 49
100 50
100 55
100 79
100 96
100 98
