150 2336
1 33
1 127
1 137
2 143
3 28
3 37
3 55
3 70
3 73
3 83
3 108
3 109
3 117
4 1
4 7
4 14
4 28
4 80
4 83
4 85
4 95
4 127
4 143
5 11
5 75
5 137
6 1
6 3
6 5
6 14
6 55
6 73
6 75
6 84
6 95
6 117
6 119
6 127
6 141
7 2
7 5
7 33
7 37
7 42
7 53
7 82
7 83
7 117
7 127
7 130
7 131
7 143
7 144
8 2
8 18
8 31
8 34
8 47
8 59
8 71
8 74
8 76
8 95
8 101
8 127
9 2
10 3
10 4
10 7
10 13
10 15
10 26
10 27
10 28
10 33
10 37
10 55
10 75
10 82
10 83
10 84
10 89
10 92
10 108
10 110
10 119
10 122
10 143
10 144
11 127
12 5
12 14
12 15
12 16
12 20
12 24
12 37
12 38
12 41
12 45
12 46
12 49
12 52
12 56
12 59
12 69
12 70
12 75
12 76
12 89
12 91
12 92
12 96
12 101
12 102
12 106
12 112
12 126
12 137
12 140
12 141
12 145
13 1
13 7
13 39
13 49
13 80
13 81
13 83
13 88
13 94
13 131
13 137
13 143
14 1
14 2
14 5
14 7
14 42
14 49
14 53
14 82
14 85
14 89
14 95
14 130
14 131
14 137
15 7
15 14
15 18
15 26
15 33
15 37
15 42
15 53
15 59
15 75
15 82
15 85
15 95
15 112
15 131
15 142
15 144
16 1
16 3
16 7
16 10
16 30
16 37
16 41
16 43
16 44
16 45
16 46
16 56
16 59
16 68
16 70
16 80
16 85
16 97
16 98
16 102
16 105
16 119
16 130
16 140
17 10
17 13
17 14
17 80
17 84
17 85
17 90
17 92
17 135
17 139
18 5
18 20
18 26
18 30
18 42
18 62
18 70
18 84
18 88
18 94
18 95
18 109
18 117
18 142
18 147
19 49
19 142
20 5
20 37
20 39
20 59
20 80
20 123
20 144
21 10
21 28
21 75
21 147
22 10
22 14
22 15
22 18
22 20
22 24
22 34
22 55
22 60
22 71
22 75
22 89
22 95
22 96
22 108
22 110
22 113
22 117
22 122
22 143
22 144
24 1
24 10
24 14
24 21
24 26
24 41
24 44
24 53
24 56
24 60
24 70
24 71
24 74
24 76
24 82
24 85
24 95
24 102
24 103
24 107
24 112
24 141
24 143
25 1
25 2
25 3
25 5
25 7
25 10
25 11
25 15
25 28
25 30
25 33
25 45
25 49
25 55
25 59
25 61
25 65
25 75
25 86
25 102
25 106
25 107
25 109
25 110
25 130
25 131
25 136
25 137
25 143
25 144
25 145
26 4
26 30
26 33
26 59
26 80
26 83
26 89
26 97
26 117
26 142
27 1
27 11
27 42
27 59
27 75
27 95
28 5
28 42
28 89
28 131
28 143
29 2
29 6
29 7
29 10
29 15
29 16
29 17
29 18
29 21
29 34
29 35
29 42
29 43
29 48
29 55
29 57
29 59
29 62
29 63
29 68
29 71
29 73
29 93
29 94
29 97
29 98
29 100
29 111
29 112
29 117
29 120
29 126
29 127
29 131
29 133
29 135
29 137
29 140
29 145
29 146
30 75
30 89
30 117
31 1
31 10
31 12
31 15
31 26
31 34
31 35
31 53
31 64
31 80
31 88
31 89
31 103
31 106
31 120
31 131
31 137
31 142
31 149
32 1
32 4
32 7
32 8
32 9
32 13
32 14
32 29
32 37
32 38
32 40
32 45
32 46
32 49
32 54
32 56
32 57
32 63
32 70
32 74
32 100
32 105
32 108
32 109
32 117
32 127
32 134
32 140
32 142
32 143
32 147
32 149
33 75
33 137
33 143
34 15
34 17
34 24
34 30
34 37
34 39
34 41
34 60
34 62
34 63
34 64
34 76
34 83
34 85
34 88
34 92
34 95
34 96
34 112
34 126
34 127
34 135
34 138
34 141
34 143
34 144
35 3
35 10
35 24
35 26
35 40
35 42
35 48
35 49
35 56
35 60
35 67
35 68
35 71
35 72
35 76
35 80
35 85
35 88
35 89
35 92
35 93
35 96
35 98
35 113
35 119
35 131
35 139
35 145
35 146
36 7
36 13
36 14
36 26
36 28
36 30
36 34
36 35
36 39
36 41
36 42
36 44
36 46
36 47
36 49
36 52
36 54
36 55
36 59
36 64
36 71
36 72
36 76
36 80
36 85
36 92
36 94
36 96
36 99
36 108
36 109
36 113
36 120
36 122
36 126
36 133
36 134
36 135
36 136
36 137
36 138
36 141
36 144
36 149
37 117
37 143
38 3
38 18
38 28
38 56
38 68
38 73
38 74
38 83
38 98
38 113
38 117
38 127
38 133
38 135
38 141
38 142
38 143
39 30
39 80
39 81
39 143
40 7
40 28
40 59
40 67
40 69
40 70
40 75
40 77
40 85
40 95
40 96
40 108
40 117
41 2
41 7
41 14
41 18
41 27
41 28
41 40
41 42
41 55
41 64
41 67
41 73
41 74
41 80
41 83
41 89
41 96
41 103
41 108
41 109
41 110
41 112
41 122
41 125
41 130
41 135
41 141
41 144
41 150
42 55
42 127
42 137
43 1
43 3
43 5
43 7
43 10
43 13
43 14
43 17
43 20
43 28
43 41
43 42
43 49
43 55
43 70
43 73
43 75
43 76
43 80
43 82
43 83
43 84
43 88
43 90
43 94
43 96
43 110
43 122
43 126
43 127
43 133
43 144
44 3
44 5
44 6
44 7
44 10
44 18
44 19
44 21
44 30
44 37
44 39
44 41
44 43
44 53
44 56
44 64
44 67
44 70
44 71
44 74
44 75
44 77
44 80
44 83
44 88
44 89
44 95
44 96
44 102
44 108
44 110
44 117
44 118
44 119
44 122
44 123
44 126
44 131
44 133
44 135
44 141
44 143
44 144
44 145
44 150
45 10
45 17
45 22
45 24
45 26
45 41
45 43
45 48
45 49
45 60
45 63
45 64
45 65
45 68
45 73
45 92
45 94
45 109
45 113
45 126
45 137
45 142
45 146
46 6
46 7
46 14
46 15
46 17
46 26
46 37
46 39
46 41
46 42
46 43
46 44
46 49
46 53
46 59
46 60
46 70
46 73
46 75
46 80
46 81
46 82
46 93
46 105
46 107
46 109
46 137
46 142
46 144
47 2
47 5
47 10
47 12
47 14
47 16
47 20
47 27
47 28
47 29
47 31
47 35
47 38
47 39
47 40
47 41
47 43
47 46
47 56
47 61
47 63
47 65
47 68
47 73
47 77
47 80
47 82
47 83
47 84
47 89
47 90
47 93
47 109
47 110
47 115
47 121
47 126
47 132
47 133
47 134
47 137
47 140
47 141
47 143
48 1
48 3
48 4
48 14
48 21
48 28
48 30
48 33
48 42
48 49
48 70
48 73
48 75
48 80
48 81
48 83
48 93
48 95
48 130
48 137
48 141
48 145
49 5
49 53
49 59
49 82
49 83
49 109
49 117
49 131
49 137
49 138
49 143
49 144
50 4
50 13
50 20
50 30
50 44
50 49
50 53
50 55
50 59
50 73
50 75
50 83
50 85
50 127
51 1
51 7
51 10
51 35
51 46
51 59
51 64
51 66
51 71
51 87
51 89
51 98
51 112
51 113
51 125
51 142
51 145
52 4
52 24
52 33
52 35
52 40
52 41
52 55
52 64
52 65
52 68
52 71
52 76
52 80
52 89
52 90
52 93
52 96
52 98
52 108
52 110
52 113
52 125
52 126
52 131
52 137
52 143
52 144
52 146
52 147
53 2
53 11
53 127
53 137
54 2
54 4
54 7
54 15
54 16
54 18
54 28
54 35
54 37
54 43
54 52
54 53
54 59
54 60
54 63
54 70
54 71
54 78
54 84
54 87
54 89
54 90
54 96
54 99
54 101
54 106
54 112
54 113
54 117
54 118
54 121
54 126
54 127
54 130
54 132
54 133
54 139
54 142
54 144
54 147
54 149
55 5
55 37
55 83
56 1
56 5
56 10
56 14
56 37
56 43
56 48
56 59
56 65
56 67
56 75
56 76
56 88
56 89
56 103
56 107
56 118
56 123
56 125
56 131
56 135
57 10
57 20
57 44
57 46
57 63
57 65
57 68
57 76
57 77
57 89
57 90
57 93
57 95
57 96
57 102
57 103
57 106
57 107
57 110
57 119
59 33
59 75
59 83
59 89
59 117
59 127
59 131
59 137
60 1
60 14
60 27
60 37
60 43
60 48
60 49
60 55
60 80
60 82
60 89
60 93
60 107
60 112
60 138
60 139
61 7
61 10
61 11
61 15
61 22
61 33
61 40
61 41
61 43
61 45
61 49
61 55
61 56
61 64
61 65
61 67
61 71
61 73
61 84
61 85
61 92
61 98
61 109
61 115
61 126
61 142
61 143
61 147
61 149
62 5
62 7
62 82
62 119
62 137
63 2
63 4
63 5
63 10
63 26
63 39
63 55
63 70
63 71
63 75
63 81
63 84
63 88
63 93
63 102
63 106
63 107
63 110
63 117
63 119
63 135
63 137
63 145
63 150
64 6
64 7
64 14
64 15
64 18
64 19
64 30
64 37
64 39
64 70
64 74
64 77
64 85
64 95
64 109
64 125
64 127
64 137
64 142
65 1
65 4
65 7
65 14
65 15
65 48
65 49
65 63
65 71
65 73
65 75
65 76
65 77
65 85
65 92
65 93
65 95
65 96
65 110
65 112
65 117
65 118
65 125
65 126
65 135
65 138
65 145
65 150
66 2
66 14
66 17
66 30
66 33
66 43
66 64
66 67
66 71
66 75
66 84
66 96
66 97
66 107
66 117
66 125
66 135
66 137
66 138
67 2
67 15
67 27
67 49
67 55
67 70
67 73
67 75
67 85
67 117
67 125
67 127
67 141
68 4
68 14
68 19
68 26
68 27
68 28
68 49
68 60
68 63
68 64
68 66
68 70
68 80
68 85
68 96
68 107
68 125
68 126
68 137
69 49
69 53
69 62
69 143
70 1
70 4
70 5
70 7
70 13
70 19
70 20
70 26
70 30
70 39
70 42
70 49
70 82
70 85
70 88
70 89
70 117
70 119
70 127
70 130
70 137
70 138
70 142
71 1
71 2
71 4
71 7
71 10
71 18
71 20
71 49
71 53
71 70
71 75
71 82
71 84
71 89
71 96
71 108
71 110
71 112
71 117
71 125
71 127
71 147
72 6
72 7
72 10
72 11
72 14
72 40
72 42
72 46
72 60
72 62
72 64
72 65
72 67
72 68
72 70
72 71
72 73
72 85
72 93
72 94
72 96
72 98
72 102
72 103
72 107
72 112
72 118
72 125
72 135
72 141
72 142
72 150
73 7
73 18
73 20
73 26
73 27
73 37
73 49
73 59
73 70
73 74
73 83
73 85
73 109
73 117
73 122
73 141
73 143
74 2
74 14
74 39
74 49
74 85
74 88
74 95
74 108
74 127
74 137
74 143
75 143
76 3
76 5
76 7
76 10
76 15
76 26
76 30
76 49
76 55
76 67
76 71
76 81
76 84
76 89
76 90
76 94
76 95
76 96
76 106
76 122
76 127
76 131
76 137
76 138
76 141
76 143
77 5
77 7
77 49
77 69
77 85
77 92
77 95
77 109
77 117
77 130
78 5
78 7
78 10
78 14
78 18
78 22
78 28
78 48
78 103
78 105
78 113
78 141
78 145
79 7
79 41
79 44
79 96
79 99
79 131
79 135
79 142
80 2
80 30
80 33
80 37
80 42
80 53
80 127
80 143
81 89
81 143
82 2
83 89
84 1
84 2
84 23
84 37
84 59
84 75
84 80
84 82
84 85
84 89
84 94
85 2
85 37
85 117
85 137
85 143
85 144
86 2
86 3
86 4
86 5
86 6
86 12
86 15
86 20
86 21
86 22
86 31
86 42
86 43
86 44
86 46
86 47
86 48
86 49
86 53
86 54
86 55
86 60
86 64
86 65
86 67
86 68
86 70
86 75
86 76
86 92
86 93
86 94
86 95
86 100
86 108
86 110
86 112
86 116
86 118
86 122
86 126
86 130
86 132
86 144
86 145
86 149
87 3
87 7
87 28
87 46
87 49
87 57
87 61
87 70
87 103
87 107
87 109
87 112
87 120
87 123
87 130
87 137
87 138
87 143
87 144
87 145
87 146
88 7
88 49
88 81
88 85
88 109
88 139
90 28
90 81
90 92
90 108
90 122
91 4
91 5
91 10
91 19
91 28
91 57
91 59
91 82
91 88
91 90
91 95
91 105
91 117
91 126
91 131
91 135
92 1
92 7
92 13
92 42
92 73
92 80
92 83
92 88
92 127
92 130
93 9
93 10
93 11
93 13
93 14
93 40
93 49
93 53
93 75
93 85
93 88
93 96
93 97
93 103
93 110
93 122
93 135
93 137
93 138
93 141
94 7
94 30
94 53
94 83
94 131
94 138
94 139
95 1
95 5
95 7
95 23
95 53
96 1
96 2
96 4
96 13
96 19
96 26
96 28
96 37
96 39
96 42
96 49
96 53
96 59
96 74
96 77
96 81
96 89
96 95
96 109
96 117
96 143
97 1
97 89
97 142
97 143
97 144
98 4
98 6
98 10
98 14
98 15
98 26
98 28
98 62
98 71
98 75
98 82
98 88
98 92
98 95
98 103
98 109
98 112
98 118
98 127
98 143
98 145
99 3
99 4
99 7
99 11
99 20
99 28
99 33
99 35
99 43
99 53
99 57
99 62
99 74
99 76
99 83
99 87
99 89
99 93
99 97
99 101
99 120
99 127
99 129
99 134
99 137
100 1
100 3
100 4
100 7
100 10
100 16
100 20
100 33
100 35
100 37
100 39
100 41
100 46
100 49
100 52
100 53
100 56
100 57
100 64
100 67
100 71
100 72
100 73
100 77
100 80
100 83
100 85
100 88
100 91
100 96
100 102
100 105
100 106
100 110
100 112
100 127
100 129
100 131
100 137
100 141
100 150
101 3
101 4
101 6
101 10
101 16
101 18
101 26
101 33
101 37
101 53
101 62
101 96
101 98
101 103
101 107
101 110
101 125
101 133
101 135
101 137
101 141
101 149
102 1
102 6
102 7
102 15
102 18
102 26
102 37
102 55
102 62
102 73
102 84
102 85
102 89
102 106
102 110
102 112
102 117
102 127
102 131
102 137
102 139
102 142
102 145
102 150
103 2
103 3
103 5
103 7
103 10
103 13
103 20
103 37
103 67
103 69
103 74
103 85
103 89
103 96
103 106
103 110
103 112
103 143
103 147
103 150
104 3
104 10
104 11
104 14
104 16
104 17
104 26
104 30
104 31
104 32
104 36
104 41
104 43
104 44
104 45
104 47
104 48
104 49
104 50
104 52
104 57
104 63
104 66
104 70
104 82
104 88
104 93
104 98
104 102
104 103
104 112
104 113
104 116
104 117
104 118
104 120
104 123
104 124
104 128
104 130
104 134
104 135
104 136
104 137
104 139
104 141
104 144
104 145
104 149
105 2
105 6
105 14
105 15
105 27
105 28
105 30
105 37
105 43
105 59
105 66
105 76
105 90
105 92
105 96
105 98
105 109
105 117
105 119
105 130
105 133
105 137
105 138
105 141
105 143
105 145
106 3
106 4
106 6
106 7
106 10
106 14
106 15
106 27
106 28
106 30
106 39
106 59
106 67
106 70
106 82
106 83
106 85
106 89
106 95
106 96
106 97
106 109
106 110
106 112
106 119
106 127
106 131
106 133
106 135
106 143
106 144
106 147
106 150
107 1
107 2
107 5
107 6
107 7
107 26
107 30
107 37
107 40
107 41
107 53
107 64
107 69
107 70
107 97
107 112
107 127
107 137
107 144
107 145
107 150
108 5
108 11
108 14
108 28
108 33
108 55
108 62
108 95
108 127
108 137
109 5
109 28
109 55
109 75
109 95
109 117
109 127
109 131
109 137
110 2
110 7
110 13
110 14
110 15
110 18
110 19
110 26
110 30
110 33
110 40
110 42
110 49
110 53
110 59
110 75
110 80
110 83
110 84
110 85
110 88
110 90
110 96
110 122
110 127
110 131
110 138
111 1
111 55
111 60
112 3
112 5
112 18
112 26
112 27
112 30
112 39
112 49
112 55
112 70
112 73
112 80
112 85
112 88
112 89
112 90
112 109
112 117
112 131
112 137
113 11
113 17
113 24
113 28
113 30
113 34
113 39
113 41
113 46
113 55
113 63
113 65
113 67
113 70
113 73
113 76
113 83
113 85
113 92
113 106
113 112
113 125
113 126
113 127
113 130
113 141
113 143
113 145
114 135
115 2
115 6
115 14
115 28
115 30
115 33
115 43
115 53
115 63
115 64
115 73
115 96
115 105
115 127
115 130
115 135
115 143
115 144
115 145
116 3
116 6
116 7
116 10
116 13
116 16
116 17
116 20
116 21
116 29
116 30
116 39
116 43
116 44
116 47
116 54
116 57
116 63
116 66
116 67
116 74
116 75
116 82
116 102
116 109
116 113
116 114
116 117
116 119
116 126
116 127
116 131
116 135
116 137
116 140
116 142
116 149
117 53
117 75
118 6
118 7
118 26
118 27
118 39
118 40
118 64
118 71
118 82
118 83
118 84
118 90
118 94
118 103
118 127
118 133
118 141
118 144
118 145
118 147
119 2
119 33
119 82
119 143
120 5
120 7
120 11
120 12
120 14
120 28
120 33
120 42
120 43
120 45
120 46
120 48
120 49
120 57
120 61
120 64
120 67
120 72
120 75
120 77
120 80
120 83
120 85
120 92
120 94
120 106
120 109
120 110
120 113
120 122
120 135
120 144
121 1
121 6
121 10
121 24
121 28
121 30
121 35
121 39
121 52
121 67
121 73
121 74
121 83
121 94
121 102
121 105
121 107
121 113
121 135
121 138
121 143
121 150
122 127
123 7
123 55
123 59
124 1
124 7
124 10
124 11
124 12
124 16
124 35
124 37
124 44
124 54
124 63
124 76
124 83
124 84
124 103
124 106
124 109
124 110
124 130
124 132
124 138
124 149
125 3
125 5
125 20
125 30
125 42
125 53
125 55
125 80
125 81
125 96
125 117
125 144
126 3
126 14
126 37
126 39
126 40
126 41
126 55
126 59
126 64
126 76
126 77
126 82
126 83
126 94
126 95
126 96
126 107
126 109
126 112
126 135
126 143
126 147
126 150
128 6
128 13
128 14
128 16
128 22
128 28
128 31
128 45
128 67
128 70
128 75
128 82
128 87
128 88
128 91
128 93
128 96
128 112
128 124
128 136
128 137
128 138
129 27
129 53
129 76
129 90
129 113
129 144
130 75
131 5
131 53
132 2
132 14
132 43
132 46
132 66
132 67
132 68
132 69
132 72
132 76
132 93
132 95
132 96
132 100
132 102
132 111
132 130
132 141
132 146
133 5
133 14
133 30
133 131
133 139
134 5
134 6
134 10
134 14
134 16
134 18
134 30
134 34
134 35
134 37
134 43
134 44
134 52
134 55
134 57
134 60
134 63
134 65
134 72
134 75
134 81
134 84
134 91
134 92
134 93
134 101
134 105
134 108
134 113
134 115
134 125
134 130
134 131
134 137
134 139
134 145
134 149
135 13
135 15
135 28
135 33
135 40
135 53
135 70
135 81
135 82
135 84
135 88
135 90
135 109
135 112
135 131
135 141
135 144
135 150
136 1
136 5
136 7
136 10
136 12
136 14
136 15
136 26
136 28
136 29
136 46
136 48
136 54
136 59
136 61
136 63
136 68
136 70
136 83
136 89
136 94
136 96
136 102
136 109
136 110
136 126
136 130
136 131
136 133
136 147
136 149
137 23
137 127
137 143
139 1
139 42
139 131
140 1
140 10
140 14
140 28
140 65
140 70
140 85
140 106
140 135
140 137
140 150
141 4
141 37
141 49
141 80
141 127
141 130
141 131
141 143
142 2
142 5
143 89
144 28
144 37
144 75
144 143
145 7
145 13
145 26
145 30
145 37
145 40
145 55
145 70
145 96
145 106
145 110
145 117
145 125
145 127
145 133
145 144
145 147
146 7
146 20
146 23
146 26
146 34
146 46
146 48
146 56
146 62
146 65
146 70
146 72
146 74
146 93
146 95
146 112
146 117
146 126
146 127
146 143
146 144
147 109
147 122
147 131
147 144
148 7
148 14
148 15
148 18
148 25
148 34
148 36
148 41
148 49
148 62
148 71
148 74
148 86
148 88
148 89
148 96
148 97
148 98
148 108
148 109
148 110
148 124
148 137
148 138
148 143
148 145
149 4
149 17
149 20
149 24
149 26
149 33
149 38
149 41
149 44
149 49
149 53
149 70
149 72
149 73
149 75
149 80
149 89
149 109
149 112
149 113
149 115
149 126
149 138
149 142
149 145
150 3
150 4
150 18
150 59
150 67
150 89
150 95
150 112
150 127
150 137
150 141
150 142
