200 4111
1 3
1 4
1 5
1 13
1 14
1 15
1 18
1 26
1 30
1 39
1 41
1 42
1 47
1 50
1 52
1 55
1 66
1 71
1 77
1 81
1 83
1 86
1 92
1 98
1 106
1 110
1 111
1 112
1 116
1 126
1 136
1 143
1 144
1 147
1 150
1 169
1 180
1 182
1 183
1 186
2 18
2 66
2 69
2 180
3 6
3 14
3 30
3 48
3 66
3 76
3 77
3 81
3 104
3 126
3 138
3 139
3 144
3 146
3 158
3 167
3 180
3 190
4 3
4 21
4 39
4 41
4 66
4 78
4 84
4 86
4 92
4 93
4 96
4 101
4 110
4 111
4 114
4 115
4 116
4 124
4 126
4 128
4 133
4 136
4 139
4 142
4 149
4 153
4 168
4 183
4 184
4 186
4 191
4 196
5 14
5 27
5 39
5 49
5 58
5 66
5 86
5 88
5 95
5 104
5 117
5 121
5 124
5 127
5 142
5 157
5 183
6 2
6 12
6 16
6 81
6 94
6 96
6 126
6 146
6 186
6 190
6 197
7 14
7 23
7 52
7 89
7 115
7 136
8 3
8 12
8 14
8 15
8 17
8 21
8 27
8 30
8 37
8 41
8 44
8 50
8 55
8 57
8 63
8 69
8 76
8 77
8 86
8 94
8 99
8 106
8 114
8 116
8 128
8 134
8 139
8 144
8 149
8 150
8 157
8 168
8 174
8 176
8 180
8 183
8 184
8 191
8 195
8 200
9 1
9 4
9 8
9 50
9 89
9 106
9 111
9 144
10 5
10 21
10 36
10 41
10 42
10 45
10 52
10 62
10 66
10 69
10 81
10 88
10 103
10 115
10 116
10 134
10 141
10 149
10 158
10 164
10 165
10 167
10 194
10 196
10 200
11 2
11 27
11 30
11 46
11 53
11 66
11 72
11 115
11 136
11 142
11 190
12 80
13 3
13 12
13 16
13 27
13 30
13 69
13 79
13 81
13 86
13 111
13 133
13 139
13 158
13 183
13 185
13 186
15 12
15 48
15 60
15 69
15 76
15 80
15 81
15 94
15 110
15 127
15 146
15 180
15 186
15 190
15 197
16 55
16 81
16 139
17 2
17 5
17 21
17 30
17 47
17 48
17 49
17 62
17 67
17 69
17 76
17 77
17 79
17 81
17 94
17 96
17 106
17 115
17 136
17 144
17 146
17 153
17 157
17 162
17 176
17 183
19 2
19 6
19 12
19 16
19 17
19 22
19 30
19 31
19 43
19 44
19 47
19 65
19 66
19 70
19 71
19 74
19 83
19 86
19 87
19 88
19 89
19 94
19 99
19 101
19 102
19 103
19 109
19 114
19 115
19 125
19 127
19 128
19 132
19 133
19 140
19 141
19 149
19 150
19 152
19 153
19 154
19 158
19 168
19 173
19 183
19 185
19 187
19 188
19 189
19 190
19 196
19 197
19 198
20 2
20 3
20 4
20 18
20 23
20 31
20 47
20 52
20 67
20 75
20 76
20 80
20 81
20 83
20 92
20 94
20 98
20 99
20 100
20 101
20 106
20 110
20 113
20 115
20 136
20 139
20 141
20 150
20 163
20 164
20 165
20 173
20 181
20 182
22 2
22 11
22 15
22 16
22 18
22 27
22 54
22 58
22 76
22 79
22 88
22 96
22 107
22 110
22 114
22 115
22 117
22 119
22 127
22 128
22 138
22 139
22 144
22 153
22 162
22 185
22 190
23 4
23 5
23 12
23 13
23 16
23 22
23 26
23 35
23 41
23 45
23 49
23 52
23 53
23 63
23 66
23 75
23 77
23 79
23 85
23 88
23 96
23 100
23 103
23 111
23 112
23 118
23 131
23 134
23 135
23 137
23 142
23 153
23 156
23 167
23 175
23 179
23 180
23 182
23 185
23 186
23 197
24 2
24 10
24 14
24 17
24 30
24 32
24 54
24 57
24 78
24 79
24 86
24 88
24 94
24 99
24 122
24 131
24 137
24 148
24 155
24 167
24 183
25 2
25 3
25 5
25 6
25 11
25 17
25 22
25 27
25 29
25 30
25 32
25 36
25 42
25 45
25 52
25 63
25 71
25 75
25 77
25 82
25 85
25 86
25 92
25 99
25 104
25 125
25 127
25 133
25 136
25 140
25 141
25 142
25 144
25 150
25 154
25 157
25 165
25 170
25 186
25 189
26 2
26 4
26 14
26 15
26 17
26 18
26 22
26 27
26 37
26 44
26 48
26 54
26 66
26 69
26 76
26 77
26 94
26 95
26 99
26 100
26 124
26 136
26 142
26 150
26 153
26 174
26 183
26 185
26 186
26 190
26 195
26 196
26 197
27 12
27 14
27 16
27 44
27 66
27 72
27 81
27 126
27 138
27 144
27 153
27 162
27 169
27 180
27 191
28 5
28 41
28 104
28 115
28 116
28 117
28 127
28 141
28 144
28 155
28 159
28 186
29 14
29 15
29 17
29 22
29 23
29 24
29 31
29 32
29 39
29 41
29 54
29 66
29 67
29 69
29 76
29 77
29 81
29 87
29 90
29 92
29 95
29 101
29 106
29 114
29 116
29 118
29 124
29 127
29 130
29 136
29 137
29 141
29 142
29 153
29 155
29 160
29 163
29 166
29 175
29 181
29 186
29 188
29 193
29 196
29 198
30 2
30 48
30 139
30 144
30 153
30 180
31 1
31 9
31 11
31 14
31 24
31 42
31 49
31 53
31 57
31 58
31 62
31 66
31 69
31 73
31 75
31 77
31 83
31 84
31 85
31 89
31 98
31 99
31 100
31 109
31 115
31 117
31 118
31 131
31 136
31 137
31 138
31 148
31 150
31 164
31 167
31 175
31 176
31 179
31 180
31 182
31 188
31 195
31 196
31 197
31 200
32 2
32 5
32 6
32 8
32 11
32 14
32 15
32 36
32 45
32 47
32 50
32 54
32 57
32 58
32 62
32 66
32 69
32 75
32 79
32 83
32 86
32 88
32 89
32 95
32 101
32 102
32 106
32 107
32 108
32 110
32 118
32 124
32 126
32 127
32 133
32 134
32 136
32 141
32 142
32 143
32 144
32 147
32 148
32 150
32 157
32 159
32 161
32 164
32 167
32 179
32 180
32 182
32 197
33 4
33 17
33 26
33 28
33 30
33 41
33 53
33 69
33 79
33 89
33 90
33 108
33 111
33 123
33 165
33 195
34 1
34 10
34 17
34 23
34 29
34 30
34 35
34 41
34 43
34 54
34 67
34 69
34 72
34 79
34 83
34 84
34 90
34 91
34 93
34 94
34 96
34 101
34 107
34 121
34 126
34 130
34 131
34 134
34 144
34 145
34 146
34 149
34 157
34 160
34 164
34 167
34 169
34 174
34 183
34 188
34 197
34 198
35 3
35 8
35 13
35 15
35 22
35 27
35 37
35 41
35 48
35 52
35 62
35 69
35 71
35 72
35 76
35 96
35 98
35 99
35 100
35 106
35 110
35 111
35 114
35 126
35 127
35 136
35 144
35 146
35 149
35 150
35 153
35 155
35 157
35 158
35 159
35 167
35 169
35 174
35 176
35 186
35 190
36 2
36 3
36 6
36 17
36 27
36 30
36 37
36 46
36 67
36 72
36 88
36 93
36 95
36 99
36 111
36 112
36 114
36 116
36 117
36 123
36 124
36 134
36 144
36 152
36 157
36 167
36 168
36 195
36 196
37 3
37 15
37 56
37 67
37 84
37 88
37 94
37 114
37 115
37 121
37 127
37 153
37 176
37 196
37 200
38 1
38 8
38 12
38 14
38 16
38 23
38 26
38 27
38 33
38 35
38 37
38 43
38 47
38 52
38 61
38 65
38 66
38 77
38 80
38 81
38 82
38 84
38 85
38 94
38 96
38 99
38 104
38 110
38 112
38 115
38 118
38 127
38 131
38 134
38 136
38 140
38 148
38 149
38 153
38 160
38 168
38 169
38 176
38 179
38 180
38 183
38 185
38 187
38 189
38 190
38 193
38 195
39 30
39 47
39 49
39 53
39 136
39 167
39 183
39 196
40 3
40 26
40 27
40 28
40 35
40 41
40 51
40 53
40 55
40 66
40 68
40 69
40 75
40 82
40 86
40 88
40 94
40 95
40 96
40 106
40 132
40 136
40 140
40 141
40 150
40 153
40 161
40 165
40 166
40 168
40 176
40 177
40 183
40 186
40 189
40 198
41 2
41 12
41 14
41 16
41 18
41 58
41 72
41 77
41 84
41 88
41 111
41 112
41 114
41 121
41 123
41 124
41 133
41 139
41 144
41 161
41 167
41 183
41 190
41 196
42 2
42 14
42 47
42 58
42 60
42 67
42 69
42 76
42 107
42 110
42 123
42 128
42 144
42 146
42 176
42 180
42 184
43 2
43 4
43 6
43 11
43 13
43 14
43 15
43 17
43 24
43 26
43 28
43 30
43 32
43 33
43 35
43 44
43 54
43 55
43 58
43 60
43 66
43 67
43 73
43 75
43 76
43 78
43 80
43 83
43 86
43 89
43 90
43 91
43 94
43 95
43 106
43 113
43 118
43 124
43 130
43 131
43 133
43 140
43 142
43 144
43 148
43 149
43 153
43 154
43 157
43 165
43 169
43 171
43 173
43 176
43 178
43 179
43 183
43 187
43 190
43 196
44 12
44 14
44 21
44 47
44 55
44 69
44 77
44 94
44 139
44 159
45 2
45 3
45 4
45 5
45 14
45 22
45 36
45 51
45 52
45 75
45 78
45 88
45 100
45 104
45 112
45 114
45 118
45 126
45 141
45 142
45 148
45 157
45 159
45 165
45 168
45 179
45 180
45 182
45 183
45 190
45 192
45 195
46 39
46 41
46 76
46 79
46 142
46 162
46 174
46 177
46 180
46 183
47 2
47 12
47 14
47 21
47 55
48 14
48 69
48 139
48 159
49 2
49 12
49 15
49 55
49 76
49 77
49 81
49 96
49 112
49 133
49 144
49 159
49 180
50 3
50 14
50 15
50 16
50 28
50 37
50 42
50 46
50 47
50 49
50 54
50 58
50 67
50 69
50 77
50 111
50 126
50 136
50 141
50 146
50 147
50 149
50 159
50 168
50 169
50 190
50 192
51 41
51 42
51 66
51 76
51 86
51 94
51 107
51 133
51 159
51 167
51 191
52 13
52 14
52 66
52 77
52 94
52 95
52 99
52 106
52 111
52 127
52 169
52 176
52 180
52 183
52 185
52 195
52 196
52 197
53 15
53 27
53 76
53 96
53 138
53 157
53 169
54 12
54 30
54 76
54 80
54 134
54 143
54 144
54 147
54 153
54 157
54 183
54 186
54 191
55 12
55 14
55 81
55 139
55 146
56 15
56 55
56 60
56 86
56 106
56 110
56 144
56 162
56 174
57 2
57 4
57 6
57 12
57 14
57 22
57 27
57 28
57 42
57 47
57 48
57 52
57 54
57 58
57 79
57 81
57 92
57 95
57 100
57 103
57 112
57 115
57 116
57 122
57 126
57 133
57 136
57 139
57 141
57 143
57 153
57 158
57 159
57 169
57 174
57 180
57 186
57 190
57 196
57 197
57 200
58 2
58 12
58 14
58 18
58 47
58 69
58 77
58 88
58 107
58 112
58 122
58 142
58 157
58 192
59 81
59 159
60 62
60 76
60 94
60 96
60 159
61 2
61 14
61 17
61 23
61 29
61 35
61 37
61 42
61 46
61 85
61 89
61 90
61 94
61 96
61 101
61 104
61 108
61 110
61 111
61 113
61 115
61 126
61 137
61 139
61 141
61 143
61 144
61 149
61 156
61 162
61 179
61 182
61 186
61 197
62 66
63 14
63 21
63 22
63 44
63 55
63 58
63 99
63 106
63 110
63 134
63 162
63 185
63 197
64 200
65 3
65 4
65 5
65 12
65 15
65 16
65 17
65 31
65 35
65 37
65 41
65 42
65 44
65 45
65 57
65 58
65 66
65 67
65 71
65 75
65 76
65 83
65 85
65 86
65 90
65 95
65 100
65 101
65 106
65 110
65 113
65 116
65 117
65 125
65 126
65 130
65 139
65 140
65 144
65 151
65 156
65 164
65 168
65 170
65 171
65 182
65 186
65 191
65 193
65 197
66 14
66 69
67 2
67 3
67 6
67 12
67 14
67 27
67 48
67 58
67 62
67 66
67 69
67 72
67 80
67 81
67 96
67 114
67 133
67 142
67 146
67 157
67 158
67 167
67 180
67 185
67 191
68 1
68 2
68 10
68 14
68 32
68 35
68 41
68 42
68 49
68 50
68 52
68 54
68 57
68 62
68 65
68 78
68 82
68 85
68 90
68 92
68 94
68 95
68 96
68 108
68 109
68 110
68 115
68 116
68 118
68 128
68 132
68 141
68 142
68 144
68 146
68 149
68 156
68 158
68 159
68 162
68 164
68 165
68 166
68 171
68 173
68 183
68 185
68 186
68 195
69 14
70 18
70 31
70 32
70 66
70 69
70 75
70 79
70 91
70 103
70 115
70 118
70 126
70 136
70 141
70 160
70 183
70 185
70 188
71 3
71 6
71 11
71 17
71 22
71 26
71 28
71 37
71 42
71 50
71 57
71 66
71 69
71 77
71 79
71 88
71 100
71 104
71 106
71 111
71 114
71 115
71 116
71 117
71 124
71 127
71 133
71 137
71 142
71 144
71 155
71 157
71 168
71 169
71 174
71 180
71 183
71 186
71 191
71 197
72 2
72 18
72 69
72 77
72 81
72 94
72 114
72 127
72 142
72 144
72 159
72 190
73 3
73 17
73 35
73 49
73 55
73 72
73 79
73 83
73 85
73 94
73 102
73 106
73 115
73 124
73 148
73 164
73 175
73 179
73 186
74 45
74 75
74 86
74 89
74 92
74 99
74 124
74 134
74 148
74 196
75 11
75 12
75 13
75 14
75 15
75 16
75 22
75 30
75 50
75 57
75 60
75 67
75 69
75 77
75 79
75 81
75 88
75 92
75 94
75 96
75 99
75 100
75 101
75 106
75 111
75 115
75 126
75 127
75 134
75 139
75 141
75 143
75 148
75 155
75 158
75 169
75 177
75 180
75 196
76 14
76 47
76 62
76 69
76 96
76 126
76 139
76 142
76 146
76 153
76 180
76 186
77 14
77 16
77 47
77 55
77 62
77 69
77 114
77 153
77 159
77 190
78 3
78 13
78 17
78 30
78 37
78 42
78 47
78 48
78 49
78 67
78 76
78 81
78 88
78 92
78 94
78 95
78 96
78 99
78 114
78 127
78 134
78 157
78 167
78 169
78 177
78 192
78 200
79 5
79 14
79 16
79 30
79 39
79 41
79 42
79 49
79 55
79 69
79 76
79 81
79 94
79 95
79 96
79 107
79 110
79 111
79 124
79 126
79 133
79 142
79 147
79 153
79 157
79 174
79 183
79 186
81 180
82 4
82 15
82 17
82 63
82 67
82 89
82 113
82 115
82 148
82 186
82 196
82 197
83 14
83 17
83 18
83 28
83 55
83 66
83 67
83 75
83 78
83 81
83 88
83 92
83 99
83 100
83 107
83 110
83 111
83 113
83 119
83 134
83 138
83 142
83 153
83 163
83 165
83 176
83 180
83 185
83 186
83 196
84 30
84 81
84 112
84 142
84 169
84 190
85 2
85 15
85 22
85 30
85 37
85 42
85 46
85 50
85 51
85 54
85 58
85 62
85 66
85 67
85 71
85 79
85 84
85 94
85 95
85 96
85 104
85 107
85 116
85 118
85 127
85 133
85 136
85 141
85 149
85 150
85 153
85 157
85 163
85 167
85 183
85 192
85 196
85 197
86 54
86 55
86 69
86 110
86 114
86 122
86 134
86 139
86 142
86 144
86 147
86 157
86 183
86 196
87 4
87 12
87 14
87 15
87 16
87 17
87 20
87 22
87 24
87 26
87 27
87 32
87 41
87 45
87 56
87 57
87 67
87 68
87 69
87 71
87 73
87 76
87 78
87 79
87 83
87 85
87 88
87 89
87 92
87 98
87 99
87 100
87 102
87 107
87 108
87 113
87 115
87 116
87 125
87 128
87 130
87 131
87 137
87 141
87 144
87 156
87 162
87 163
87 164
87 165
87 167
87 168
87 183
87 185
87 188
87 190
87 194
88 2
88 6
88 15
88 16
88 18
88 27
88 44
88 47
88 55
88 69
88 72
88 77
88 114
88 127
88 138
88 139
88 153
88 159
88 169
88 180
88 197
89 8
89 11
89 12
89 15
89 17
89 22
89 27
89 44
89 45
89 46
89 53
89 54
89 55
89 58
89 60
89 66
89 67
89 79
89 84
89 85
89 88
89 94
89 99
89 102
89 106
89 111
89 112
89 116
89 118
89 121
89 126
89 128
89 133
89 134
89 137
89 139
89 141
89 144
89 149
89 150
89 155
89 156
89 157
89 162
89 177
89 179
89 183
89 186
89 192
89 195
89 196
89 197
90 1
90 5
90 8
90 11
90 12
90 13
90 22
90 35
90 45
90 52
90 54
90 66
90 69
90 77
90 79
90 81
90 83
90 86
90 88
90 89
90 95
90 96
90 104
90 110
90 111
90 113
90 114
90 116
90 127
90 136
90 139
90 141
90 144
90 146
90 158
90 164
90 168
90 180
90 185
90 194
90 200
91 2
91 16
91 22
91 27
91 36
91 37
91 45
91 48
91 49
91 50
91 53
91 57
91 62
91 66
91 69
91 73
91 75
91 77
91 78
91 79
91 81
91 85
91 86
91 89
91 95
91 96
91 98
91 99
91 100
91 106
91 107
91 113
91 125
91 126
91 137
91 140
91 142
91 146
91 147
91 151
91 153
91 160
91 161
91 166
91 167
91 168
91 170
91 173
91 175
91 179
91 182
91 190
91 193
91 196
91 200
92 5
92 13
92 27
92 30
92 47
92 48
92 49
92 66
92 72
92 76
92 77
92 79
92 81
92 88
92 94
92 95
92 96
92 99
92 111
92 124
92 126
92 134
92 136
92 139
92 144
92 149
92 153
92 157
92 167
92 169
92 177
92 180
92 183
92 186
92 190
92 195
92 197
93 2
93 3
93 14
93 16
93 49
93 77
93 88
93 95
93 117
93 133
93 138
93 192
94 47
94 55
94 66
94 77
94 144
94 146
94 159
94 190
95 3
95 15
95 21
95 44
95 48
95 58
95 62
95 67
95 94
95 96
95 126
95 128
95 134
95 144
95 158
95 176
95 180
95 183
95 185
95 192
96 12
96 18
96 48
96 66
96 69
96 94
96 104
96 153
96 158
96 180
96 190
96 192
97 17
97 22
97 157
97 173
98 2
98 3
98 4
98 6
98 8
98 14
98 16
98 17
98 27
98 28
98 36
98 48
98 57
98 60
98 69
98 77
98 96
98 99
98 100
98 101
98 111
98 115
98 134
98 143
98 157
98 169
98 180
98 192
98 196
98 197
98 200
99 3
99 5
99 13
99 14
99 16
99 17
99 54
99 62
99 66
99 69
99 72
99 77
99 79
99 84
99 107
99 111
99 112
99 114
99 121
99 124
99 126
99 139
99 142
99 159
99 162
99 167
99 183
99 190
100 5
100 6
100 13
100 37
100 42
100 44
100 47
100 48
100 49
100 52
100 54
100 77
100 81
100 101
100 106
100 115
100 128
100 134
100 141
100 168
100 186
100 196
101 3
101 14
101 30
101 49
101 53
101 76
101 88
101 92
101 96
101 99
101 114
101 115
101 121
101 126
101 136
101 138
101 149
101 153
101 167
101 169
101 183
101 185
101 186
101 195
101 197
102 62
102 180
103 58
103 81
104 180
105 2
105 4
105 11
105 14
105 20
105 32
105 40
105 45
105 46
105 52
105 57
105 58
105 67
105 74
105 75
105 78
105 86
105 98
105 106
105 110
105 113
105 123
105 131
105 144
105 145
105 147
105 148
105 149
105 155
105 156
105 158
105 159
105 162
105 164
105 166
105 168
105 173
105 179
105 188
105 189
105 198
106 2
106 3
106 14
106 15
106 30
106 41
106 48
106 49
106 55
106 62
106 67
106 69
106 72
106 84
106 88
106 95
106 96
106 107
106 112
106 114
106 117
106 134
106 135
106 136
106 139
106 142
106 144
106 146
106 153
106 158
106 159
106 167
106 169
106 174
106 180
106 183
106 185
106 186
106 190
107 30
107 60
108 1
108 3
108 5
108 15
108 36
108 48
108 50
108 69
108 77
108 94
108 99
108 100
108 113
108 118
108 127
108 133
108 136
108 137
108 142
108 144
108 147
108 153
108 162
108 167
108 169
109 6
109 12
109 15
109 48
109 49
109 57
109 66
109 71
109 94
109 95
109 111
109 114
109 126
109 128
109 165
109 167
109 175
109 180
109 197
110 3
110 21
110 55
110 69
110 76
110 77
110 96
110 128
110 139
110 167
110 191
111 14
111 15
111 48
111 58
111 94
111 112
111 126
111 127
111 161
111 162
111 167
111 176
111 177
111 180
111 185
111 190
112 2
112 12
112 16
112 27
112 30
112 44
112 48
112 60
112 69
112 81
112 110
112 126
112 144
112 159
112 167
112 180
112 186
112 191
113 12
113 22
113 26
113 27
113 37
113 53
113 54
113 62
113 66
113 69
113 71
113 72
113 79
113 81
113 86
113 98
113 106
113 114
113 115
113 116
113 118
113 138
113 141
113 142
113 144
113 150
113 155
113 157
113 168
113 174
113 190
113 191
114 55
114 104
114 139
114 159
115 12
115 14
115 16
115 21
115 27
115 30
115 41
115 48
115 53
115 66
115 67
115 77
115 80
115 86
115 94
115 95
115 96
115 106
115 112
115 114
115 122
115 127
115 128
115 142
115 157
115 192
116 5
116 6
116 13
116 15
116 17
116 18
116 21
116 37
116 49
116 60
116 66
116 69
116 72
116 92
116 94
116 96
116 111
116 123
116 136
116 138
116 141
116 143
116 144
116 149
116 155
116 180
116 190
116 197
116 200
117 6
117 12
117 14
117 15
117 49
117 112
117 133
117 157
117 167
117 196
118 6
118 8
118 13
118 15
118 26
118 27
118 36
118 42
118 47
118 48
118 49
118 54
118 57
118 58
118 67
118 75
118 76
118 84
118 86
118 92
118 94
118 95
118 96
118 98
118 99
118 100
118 106
118 111
118 129
118 134
118 135
118 137
118 141
118 148
118 149
118 153
118 155
118 168
118 169
118 174
118 180
118 183
118 185
118 190
118 191
118 195
119 30
119 112
120 1
120 3
120 4
120 5
120 6
120 8
120 20
120 23
120 28
120 47
120 49
120 57
120 65
120 67
120 76
120 77
120 89
120 90
120 93
120 113
120 114
120 115
120 126
120 142
120 149
120 151
120 154
120 156
120 160
120 162
120 169
120 174
120 175
120 178
120 179
120 183
120 185
120 186
120 189
120 192
120 194
120 195
121 44
121 49
121 72
121 94
121 138
121 139
121 142
121 180
122 14
122 81
122 96
122 114
122 127
122 144
122 157
123 62
123 94
123 139
123 157
124 2
124 16
124 18
124 27
124 30
124 66
124 81
124 94
124 95
124 104
124 126
124 142
124 144
124 159
124 180
124 190
125 2
125 6
125 8
125 13
125 14
125 15
125 17
125 27
125 31
125 32
125 35
125 36
125 42
125 44
125 47
125 52
125 76
125 78
125 83
125 85
125 92
125 94
125 100
125 106
125 108
125 110
125 111
125 113
125 114
125 117
125 131
125 136
125 143
125 153
125 167
125 179
125 184
125 185
125 196
125 197
126 16
126 81
127 12
127 55
127 66
127 69
127 104
127 144
127 146
127 159
127 192
128 48
128 66
129 144
130 10
130 12
130 17
130 21
130 28
130 36
130 37
130 41
130 42
130 56
130 57
130 58
130 66
130 75
130 77
130 85
130 100
130 110
130 140
130 141
130 144
130 148
130 150
130 153
130 159
130 160
130 162
130 163
130 164
130 167
130 173
130 186
130 196
131 1
131 4
131 11
131 14
131 16
131 26
131 44
131 49
131 50
131 51
131 66
131 67
131 69
131 75
131 77
131 88
131 89
131 92
131 98
131 100
131 106
131 114
131 116
131 117
131 127
131 133
131 136
131 141
131 142
131 162
131 164
131 165
131 167
131 180
131 182
131 190
131 200
132 1
132 12
132 17
132 35
132 41
132 44
132 45
132 48
132 49
132 52
132 58
132 62
132 69
132 71
132 75
132 81
132 86
132 90
132 92
132 96
132 107
132 110
132 111
132 112
132 119
132 127
132 137
132 141
132 147
132 150
132 156
132 157
132 160
132 166
132 171
132 175
132 180
132 182
132 184
132 195
133 15
133 60
133 66
133 72
133 77
133 80
133 94
133 96
133 126
133 146
133 153
133 157
133 162
133 186
133 197
134 6
134 15
134 58
134 62
134 66
134 72
134 76
134 88
134 110
134 111
134 122
134 126
134 133
134 144
134 159
134 162
134 180
134 190
134 196
134 197
135 94
135 114
135 138
135 139
135 180
136 2
136 12
136 15
136 44
136 48
136 58
136 110
136 114
136 133
136 134
136 138
136 144
136 153
136 157
136 158
136 162
136 167
136 180
136 183
136 196
137 14
137 15
137 26
137 27
137 28
137 30
137 39
137 41
137 46
137 48
137 49
137 50
137 54
137 56
137 67
137 75
137 77
137 86
137 88
137 92
137 93
137 94
137 95
137 96
137 99
137 100
137 112
137 116
137 122
137 133
137 142
137 148
137 159
137 163
137 167
137 176
137 180
137 183
137 186
137 190
137 196
138 16
138 81
138 126
138 159
139 14
139 21
139 66
139 69
139 81
139 180
139 190
140 3
140 8
140 11
140 12
140 17
140 22
140 24
140 36
140 37
140 41
140 44
140 45
140 46
140 51
140 52
140 54
140 75
140 82
140 86
140 90
140 92
140 94
140 95
140 98
140 99
140 104
140 108
140 109
140 116
140 122
140 128
140 133
140 134
140 137
140 142
140 144
140 145
140 146
140 148
140 150
140 164
140 166
140 175
140 176
140 183
140 186
140 195
140 196
141 12
141 15
141 37
141 41
141 66
141 67
141 69
141 76
141 79
141 92
141 94
141 106
141 112
141 115
141 122
141 133
141 139
141 143
141 144
141 176
141 180
141 183
141 200
142 66
142 80
142 104
142 127
142 144
143 3
143 27
143 76
143 77
143 81
143 185
144 2
144 12
144 55
144 69
144 104
145 16
145 36
145 71
145 114
145 118
145 137
145 143
145 148
145 156
145 162
145 164
145 174
145 180
146 2
146 14
146 80
146 180
147 2
147 3
147 66
147 76
147 144
147 167
147 180
148 11
148 12
148 17
148 27
148 30
148 42
148 48
148 55
148 67
148 69
148 72
148 76
148 77
148 79
148 81
148 95
148 96
148 99
148 114
148 126
148 128
148 134
148 143
148 146
148 149
148 157
148 169
148 177
148 180
148 183
148 195
148 196
149 2
149 3
149 5
149 13
149 14
149 15
149 16
149 17
149 30
149 42
149 46
149 53
149 54
149 72
149 77
149 79
149 94
149 95
149 96
149 106
149 107
149 111
149 114
149 124
149 128
149 134
149 139
149 142
149 153
149 167
149 174
149 177
149 190
149 192
149 197
150 4
150 6
150 13
150 14
150 16
150 17
150 62
150 67
150 72
150 79
150 81
150 86
150 88
150 94
150 99
150 101
150 110
150 111
150 122
150 133
150 134
150 136
150 139
150 144
150 148
150 155
150 161
150 168
150 176
150 185
150 196
150 197
151 15
151 18
151 22
151 31
151 37
151 41
151 52
151 53
151 66
151 79
151 81
151 89
151 136
151 168
151 173
151 190
151 192
153 12
153 14
153 69
153 80
154 2
154 6
154 8
154 14
154 15
154 16
154 22
154 23
154 26
154 29
154 32
154 33
154 36
154 42
154 45
154 51
154 52
154 53
154 54
154 58
154 66
154 67
154 68
154 72
154 74
154 76
154 78
154 79
154 81
154 85
154 86
154 87
154 90
154 92
154 94
154 98
154 99
154 110
154 113
154 115
154 116
154 124
154 125
154 126
154 131
154 137
154 141
154 142
154 153
154 155
154 157
154 159
154 163
154 165
154 168
154 171
154 173
154 182
154 186
154 190
154 195
154 198
155 5
155 12
155 14
155 15
155 17
155 21
155 48
155 51
155 66
155 78
155 106
155 115
155 136
155 142
155 148
155 162
155 174
155 192
156 4
156 5
156 12
156 13
156 17
156 30
156 41
156 44
156 50
156 51
156 57
156 79
156 80
156 81
156 85
156 92
156 96
156 100
156 101
156 110
156 115
156 124
156 136
156 143
156 153
156 157
156 162
156 164
156 167
156 182
156 185
156 186
156 192
157 6
157 12
157 21
157 47
157 69
157 72
157 81
157 127
157 139
157 144
157 159
157 162
157 167
157 186
157 197
158 66
159 12
159 47
159 144
160 1
160 3
160 6
160 7
160 10
160 13
160 17
160 21
160 22
160 28
160 31
160 32
160 41
160 47
160 48
160 54
160 58
160 67
160 76
160 78
160 79
160 86
160 88
160 90
160 92
160 94
160 96
160 98
160 99
160 101
160 106
160 110
160 111
160 113
160 115
160 125
160 136
160 137
160 139
160 142
160 146
160 148
160 157
160 158
160 159
160 165
160 166
160 167
160 168
160 169
160 173
160 174
160 179
160 180
160 190
160 191
160 192
160 194
160 195
160 196
160 197
160 200
161 59
162 44
162 47
162 69
162 96
162 126
162 153
162 186
162 190
163 11
163 15
163 37
163 41
163 42
163 44
163 58
163 66
163 81
163 88
163 92
163 117
163 133
163 144
163 162
163 167
163 185
163 186
163 190
163 195
164 5
164 14
164 18
164 22
164 27
164 30
164 35
164 36
164 37
164 41
164 44
164 50
164 58
164 66
164 72
164 76
164 79
164 83
164 106
164 114
164 115
164 116
164 137
164 139
164 142
164 146
164 157
164 159
164 163
164 174
164 177
164 182
165 2
165 15
165 17
165 22
165 35
165 36
165 46
165 47
165 49
165 55
165 57
165 66
165 67
165 71
165 81
165 92
165 114
165 115
165 117
165 137
165 138
165 144
165 149
165 150
165 155
165 183
166 2
166 3
166 12
166 14
166 15
166 17
166 36
166 37
166 44
166 52
166 63
166 71
166 76
166 78
166 83
166 94
166 96
166 99
166 101
166 113
166 117
166 121
166 127
166 136
166 138
166 139
166 157
166 158
166 162
166 163
166 174
166 197
167 2
167 18
167 44
167 47
167 77
167 127
167 142
167 144
168 3
168 6
168 14
168 16
168 17
168 27
168 42
168 46
168 47
168 48
168 49
168 52
168 54
168 58
168 60
168 67
168 79
168 81
168 92
168 103
168 117
168 126
168 138
168 144
168 146
168 158
168 174
168 185
168 196
168 200
169 2
169 3
169 66
169 76
169 81
169 146
169 153
169 159
169 167
170 1
170 18
170 27
170 30
170 37
170 52
170 67
170 75
170 77
170 78
170 83
170 84
170 85
170 94
170 95
170 100
170 111
170 123
170 126
170 131
170 134
170 136
170 148
170 164
170 166
170 179
171 2
171 17
171 26
171 44
171 49
171 54
171 55
171 57
171 58
171 67
171 71
171 73
171 81
171 90
171 92
171 96
171 100
171 108
171 113
171 131
171 133
171 134
171 137
171 139
171 140
171 157
171 159
171 166
171 176
171 190
171 192
171 196
171 200
172 11
172 66
172 73
172 87
172 108
172 134
172 137
172 150
172 167
172 171
173 2
173 3
173 4
173 5
173 6
173 12
173 14
173 17
173 21
173 22
173 30
173 35
173 39
173 42
173 44
173 45
173 47
173 48
173 50
173 57
173 66
173 71
173 72
173 76
173 79
173 88
173 89
173 94
173 98
173 99
173 101
173 102
173 116
173 118
173 124
173 125
173 127
173 131
173 133
173 137
173 142
173 144
173 148
173 149
173 156
173 158
173 159
173 162
173 165
173 167
173 179
173 180
173 190
173 191
173 192
173 196
174 58
174 62
174 77
174 95
174 110
174 114
174 122
174 124
174 144
174 167
174 190
174 191
175 2
175 3
175 8
175 13
175 17
175 21
175 54
175 66
175 67
175 72
175 75
175 92
175 93
175 107
175 112
175 114
175 123
175 127
175 134
175 136
175 144
175 155
175 157
175 176
175 183
175 200
176 3
176 30
176 80
176 180
176 185
176 190
176 196
177 21
177 81
177 139
177 153
178 1
178 6
178 14
178 21
178 26
178 35
178 36
178 41
178 79
178 86
178 90
178 95
178 107
178 111
178 112
178 124
178 135
178 137
178 149
178 150
178 157
178 161
178 174
178 190
179 3
179 8
179 13
179 14
179 21
179 22
179 47
179 48
179 49
179 52
179 57
179 63
179 67
179 69
179 76
179 77
179 79
179 83
179 86
179 88
179 93
179 94
179 98
179 99
179 106
179 110
179 112
179 113
179 116
179 117
179 133
179 134
179 136
179 138
179 141
179 153
179 155
179 159
179 169
179 180
179 182
179 183
179 186
179 192
179 195
179 200
180 12
180 14
181 1
181 2
181 22
181 45
181 46
181 69
181 76
181 81
181 84
181 89
181 92
181 98
181 99
181 114
181 116
181 126
181 144
181 167
181 183
181 200
182 4
182 14
182 41
182 46
182 72
182 86
182 88
182 94
182 95
182 107
182 128
182 139
182 143
182 146
182 148
182 157
182 162
182 183
182 185
183 2
183 3
183 12
183 15
183 27
183 44
183 48
183 49
183 53
183 81
183 88
183 96
183 107
183 122
183 126
183 127
183 133
183 138
183 144
183 153
183 157
183 162
183 185
183 197
184 14
184 47
184 144
184 153
185 3
185 21
185 27
185 48
185 60
185 69
185 76
185 81
185 88
185 94
185 110
185 114
185 133
185 139
185 142
185 153
185 167
186 66
186 81
186 94
186 96
186 126
186 139
186 180
187 4
187 9
187 12
187 13
187 14
187 15
187 16
187 22
187 23
187 26
187 27
187 31
187 41
187 44
187 55
187 57
187 60
187 63
187 66
187 67
187 71
187 78
187 79
187 83
187 87
187 90
187 92
187 94
187 95
187 99
187 108
187 114
187 116
187 117
187 126
187 131
187 134
187 136
187 140
187 141
187 148
187 154
187 155
187 165
187 166
187 167
187 176
187 178
187 181
187 185
187 186
187 189
187 190
187 197
187 200
188 1
188 2
188 3
188 5
188 12
188 14
188 17
188 23
188 49
188 52
188 62
188 67
188 71
188 76
188 78
188 90
188 94
188 101
188 117
188 118
188 126
188 137
188 144
188 150
188 162
188 185
188 190
189 1
189 8
189 13
189 17
189 23
189 26
189 35
189 36
189 41
189 42
189 44
189 48
189 50
189 52
189 54
189 57
189 62
189 65
189 66
189 69
189 75
189 76
189 77
189 79
189 81
189 82
189 86
189 88
189 89
189 91
189 92
189 94
189 98
189 100
189 101
189 106
189 108
189 110
189 113
189 116
189 122
189 125
189 126
189 131
189 133
189 137
189 140
189 142
189 143
189 144
189 149
189 151
189 156
189 157
189 158
189 159
189 160
189 162
189 164
189 165
189 171
189 174
189 178
189 182
189 183
189 185
189 188
189 195
189 197
189 200
192 77
192 114
193 10
193 14
193 31
193 32
193 45
193 53
193 58
193 72
193 74
193 76
193 81
193 86
193 99
193 100
193 101
193 111
193 116
193 126
193 131
193 133
193 141
193 144
193 153
193 155
193 157
193 160
193 165
193 171
193 174
193 176
193 179
193 185
193 186
193 188
193 200
194 14
194 37
194 66
194 96
194 180
195 2
195 5
195 11
195 30
195 48
195 49
195 51
195 55
195 76
195 84
195 99
195 107
195 110
195 111
195 115
195 122
195 124
195 157
195 158
195 176
195 177
195 196
195 200
196 3
196 12
196 14
196 15
196 27
196 30
196 47
196 49
196 60
196 62
196 66
196 69
196 88
196 104
196 110
196 112
196 122
196 127
196 144
196 159
196 162
196 169
196 180
196 185
196 186
196 191
197 47
197 48
197 114
197 159
197 190
198 10
198 16
198 23
198 26
198 28
198 30
198 31
198 39
198 42
198 49
198 51
198 57
198 66
198 67
198 75
198 77
198 78
198 79
198 81
198 85
198 86
198 88
198 89
198 92
198 94
198 96
198 98
198 101
198 107
198 115
198 116
198 121
198 123
198 124
198 125
198 126
198 130
198 131
198 134
198 136
198 137
198 149
198 151
198 153
198 155
198 156
198 165
198 180
198 185
198 186
198 188
198 194
198 196
198 200
199 110
200 14
200 15
200 27
200 49
200 53
200 58
200 67
200 69
200 79
200 86
200 94
200 106
200 110
200 115
200 134
200 139
200 143
200 144
200 153
200 169
200 186
